,20150701,20150702,20150703,20150706,20150707,20150713,20150714,20150715,20150716,20150717,20150720,20150721,20150722,20150723,20150724,20150727,20150728,20150729,20150730,20150731,20150601,20150602,20150603,20150604,20150605,20150608,20150609,20150610,20150611,20150612,20150615,20150616,20150617,20150618,20150619,20150623,20150624,20150625,20150626,20150629,20150630,20150504,20150505,20150506,20150507,20150508,20150511,20150512,20150513,20150514,20150515,20150518,20150519,20150520,20150521,20150522,20150525,20150526,20150527,20150528,20150529
09:25:00,,,,,,,,,,,,,,,,,,,,,,,,,,,,,,,,,,,,,,,,,,,,,,,,,,,,,,,,,,,,,
09:30:00,-0.0309075374631,0.010657294474,-0.0383297452806,-0.0343676435042,-0.0209066848193,0.0,0.0,-0.0603568005409,-0.0441497846129,0.0112995552539,-0.00927363678533,-0.0168071183164,-0.0104245173359,-0.0142047842983,0.00978344630907,-0.00716848947861,-0.00827134575068,-0.0125787822069,0.0,0.0144580831752,0.00494438584546,-0.0281708769667,-0.0066371925068,0.0,0.00878482955573,-0.00398804117796,-0.0118461405042,-0.0176648361798,-0.00788181420225,-0.000990589481696,0.00290275965796,-0.00867475319367,0.00477327875266,-0.0127622516139,-0.0115496952793,0.0152986155619,0.00404040953701,-0.0185190477672,-0.0100503358535,0.00613498856752,-0.0227800283318,-0.00849004493283,-0.00851068966791,0.00892294001819,-0.00138985428905,0.00842701616188,0.0027137058716,0.00131839175326,-0.00268096675326,0.0,-0.0118034157249,-0.00687287928776,0.0027137058716,0.00132362693051,-0.00131665588475,0.00126662461519,-0.00375234961855,0.00242718565761,-0.00481348703155,-0.0140847398817,0.0175663237179
09:31:00,0.0177782460213,-0.00472255895417,-0.00580553154532,-0.00701757265865,-0.014184634992,0.0,0.0,-0.0261352308125,-0.0317486983146,-0.0112995552539,0.00773399059974,0.00153964618559,0.00298953884837,0.00712761392423,-0.0041811907604,0.00716848947861,0.00662254076049,0.00788026142531,0.0062208598751,0.00635932190829,0.00492005912545,0.0214818888159,-0.00444939554954,0.00532766310779,0.00870832789178,-0.000999500333083,-0.00298359246689,-0.00396825917562,0.0,0.0,0.000965717119959,0.00386473910989,0.00190295014609,0.0,0.0048285946062,0.0140705838969,-0.00201816415624,0.0018674141748,0.00503779402996,-0.00510987315227,0.00803217169726,-0.00121876919413,0.00729930248161,0.0,0.00138985428905,-0.00139958035442,0.00135409634773,-0.0039604012161,-0.0026881736618,-0.00133244523378,-0.00529101763442,-0.00276243269591,0.00270636159774,-0.00264900817158,0.0,0.00252844635336,0.00250313021812,-0.0036429912785,0.0,0.0,0.00496278934213
09:32:00,0.00767968667423,-0.0119049025063,0.0187460428211,0.0125963876857,0.0176995770994,0.0,0.0,0.0246166276354,-0.00900096085898,-0.00488202759731,0.00767463475311,0.00918842605441,0.00743497848752,0.0112995552539,0.00139567363897,0.0,0.00657897109804,-0.00629923342799,-0.00310559255815,-0.00476569607301,0.00245098161914,0.00111794310134,0.0,-0.00106326432133,-0.0106538537973,-0.00803217169726,0.0108965912242,0.00792083349144,0.0,0.0,0.0,0.012458234922,0.0216275472641,0.0181823190832,0.00672110067308,-0.00199800266267,-0.00607904607638,-0.000933271182999,0.0100000833346,-0.0248975516217,0.013621095952,-0.00122025640523,-0.0036429912785,-0.00892294001819,-0.00278164296188,-0.00140154192529,-0.00271002875887,0.00132187725792,0.00134499011533,0.0,0.00132538124107,0.0,0.00404585851954,-0.00132714020806,0.00131665588475,-0.00252844635336,0.00249688019859,0.00243013485329,0.00120554565535,-0.00118273224905,-0.00870111145274
09:33:00,0.00109229939861,-0.0428199971829,-0.0143887374521,0.0,0.0122059056795,0.0,0.0,0.0210534091978,-0.00543972329582,0.00162999221093,0.00913248356327,-0.00765114673552,0.00443459706787,0.00839165763625,0.0,-0.00286123228103,0.0,-0.00633916544374,0.00155400186673,-0.0047885167318,0.0,-0.00447929080405,0.00444939554954,-0.00212992625783,-0.00585939176389,0.00402415029973,-0.000985707324759,0.00785858661252,0.00591717702809,0.000990589481696,-0.00289995369979,0.0160608081502,-0.0216275472641,0.0205089667216,0.0133081812025,-0.00904074465215,0.0111168401063,0.00372787011401,0.0148150857851,0.00628274317949,0.00897873596528,0.00365631120311,0.0,0.00638164258952,0.0110804457766,0.00280112227971,-0.00135777346046,-0.00397088542949,-0.00404040953701,0.00133244523378,0.00132362693051,0.00276243269591,-0.00404585851954,-0.00265957603576,-0.00131665588475,-0.00634922767866,0.00497513464011,-0.0060864460564,-0.00362100576695,-0.00118413276122,0.00373832211061
09:34:00,-0.00657176516323,-0.00501254182354,0.0,-0.00278551712143,0.00518583703237,0.0,0.0,-0.00896866998276,0.0144406841548,0.00649352931055,0.00904983551992,-0.00153727931889,-0.00740195829567,-0.0126140425161,-0.00139567363897,-0.00430725719758,-0.00328407520119,0.00475813744642,0.00310077767825,-0.00642056780292,-0.00860484719352,-0.0022471919569,-0.00222222313672,-0.00749067172916,-0.014800467505,-0.00201005092802,0.0019704439873,-0.00392157365318,-0.00394089179988,0.0,-0.00290838789596,0.00653902376706,0.0,0.00352423272253,0.00471032430018,0.00302267232659,0.0100000833346,0.00833724143783,-0.0198026272962,0.00728032336813,0.00445931619676,0.00606429996751,0.00121580562089,0.00507615303186,0.00412371718386,0.0,0.00135777346046,0.00264900817158,0.00134861787129,0.0013306721857,0.0,0.00550207715398,0.00135043909787,0.0,0.0,0.0,0.00864736704118,-0.00244498899307,0.00120845936157,0.00708385488841,0.00496278934213
09:35:00,0.0,0.0137244824256,-0.00581396986542,0.00278551712143,-0.0173917427119,0.0,0.0,-0.0243173076507,0.0317486983146,0.00323102058145,-0.00602411460338,0.00307219903697,0.0,-0.00707717037409,-0.00419874654635,0.0,0.00164338574373,0.00315956029037,-0.00621120009264,0.00642056780292,0.00369686188133,0.0,-0.00222717241282,-0.00863004277421,0.0,-0.00403226352794,0.00490919002624,0.0029426210542,-0.00395648389507,-0.00198216120399,-0.00389105549297,-0.00653902376706,-0.000951022420704,-0.00794706169253,-0.00754720563538,-0.00403226352794,-0.00498754151104,-0.000922934998601,-0.00702461493696,0.00103573287353,0.00111172885269,-0.00363416511422,0.0,0.00505051578607,-0.00550207715398,0.00279329790561,-0.0027173929765,0.00659198168215,0.00134680155038,0.00132890385005,0.0039604012161,0.0,0.00269541942167,0.0013306721857,-0.00131839175326,0.0,-0.00369686188133,-0.00367872885746,0.0,0.00469484430421,-0.00247831601447
09:36:00,-0.00661523911872,0.00371057939654,-0.00145878946366,-0.0041811907604,-0.0123567326889,0.0,0.0,-0.00617285910708,-0.0228280325562,-0.00647251450562,-0.0075815374524,0.00306278953055,0.0,0.00425230973853,0.0,0.00573889666902,0.0,0.00628932890756,-0.00155884676929,0.0015987213637,-0.00616905102672,0.00784317746103,0.00444939554954,0.00324500014333,0.0138205556186,-0.00607904607638,0.0107161278768,0.00488520756605,-0.00198412763505,0.0039604012161,0.00291971010333,0.00187265972329,0.00285035822436,0.0149584839303,-0.00665085586991,-0.0152674721308,0.0029955089798,-0.00184842936178,0.0,0.00927363678533,-0.0089286307443,-0.0012143292324,0.00242718565761,-0.00505051578607,-0.00138026246896,-0.00279329790561,-0.00136147059832,-0.00131492458131,0.0,0.0,-0.00263852395818,0.0,0.004029555486,0.0,0.002635047638,0.00508260306347,-0.00247218914539,0.00490197060021,0.0084185704656,0.00350672480921,-0.00372902855987
09:37:00,0.00110558330775,0.00860484719352,-0.00585653211271,-0.0140649294674,0.00531445006349,0.0,0.0,0.0,0.0,0.0,0.00909097170125,0.00305343748689,0.00148478126758,0.00423430413879,0.0,0.0,0.00164068945746,-0.00786786120061,0.00311526731695,0.0031897953681,0.00493828164058,0.00556484463341,0.00332410278384,0.00107933091968,0.000979911886349,0.00203045755038,0.00096852307813,-0.00390625496706,-0.00298359246689,0.00492854620115,0.0,-0.0056285326831,-0.00189933580365,0.0155982365303,0.00570343751387,-0.0113461763873,-0.0029955089798,-0.00463607691748,0.00702461493696,-0.0123840591997,-0.0146812348948,-0.00365186041877,0.0,-0.00126662461519,0.0,0.00418702635422,-0.0027285146532,0.0,-0.00134680155038,0.0,-0.00264550418842,-0.00550207715398,-0.00268456537067,0.00265604405812,-0.00131665588475,0.00126662461519,0.00493828164058,-0.00122324174274,0.0059701669865,-0.00233644966102,-0.0163217684857
09:38:00,0.00550965581097,0.0036652453983,-0.00146950797936,-0.00568183346743,0.0,0.0,0.0,0.0123078476746,0.0,0.00162206037187,-0.00757005886055,0.00456274555842,0.00444116199997,-0.00423430413879,0.00140154192529,0.0113799236628,0.00653597097979,0.00472814119595,0.00310559255815,0.00317965291738,0.00246002584086,0.00221729580865,0.00771353686778,0.00645163528149,-0.0029426210542,0.0120969217088,-0.00193798510268,-0.00392157365318,0.000995520241502,0.0,0.00291121020746,-0.0047147659237,0.00095011883632,0.00600087527314,0.00567109270382,-0.0114763909563,0.000999500333083,-0.00839948941998,0.00895974137147,-0.00312012733624,-0.0079954737762,0.00121876919413,-0.00121285642521,-0.00508260306347,0.0,0.00278164296188,0.0,0.00393959800408,0.0,-0.00265957603576,0.00132362693051,0.00275482267884,0.00134318354647,-0.00132714020806,-0.00131839175326,0.00379027617378,0.00123076938613,-0.0012247398959,0.0,-0.00234192144508,-0.00634922767866
09:39:00,0.0109290705322,-0.00244200365555,0.00293685967331,-0.0172418064345,0.00704228262541,0.0,0.0,0.00913248356327,0.0141095815163,0.0,-0.00456969569007,-0.00608829886726,-0.00147819686931,0.00282486063555,0.00836824967052,-0.00852277886198,0.00972454989199,-0.00472814119595,0.0,-0.00477327875266,0.00367872885746,-0.0156253179031,0.00656457499651,0.00427808139108,-0.00295130563458,0.00200200267067,-0.00876771325331,-0.000982801061908,0.00298062813814,-0.00295421189743,0.0,0.00283152619574,-0.00190114125702,-0.0163726190699,0.00282353128761,-0.00737233460232,0.00199600864672,0.00187265972329,0.00691360778482,-0.00731838080768,0.00343446244863,-0.00488401459243,-0.0012143292324,0.0,-0.00138217022695,-0.00138985428905,-0.00410678195265,0.0,-0.00269905696916,0.00265957603576,-0.00264900817158,0.0,0.0,0.0,0.002635047638,0.00251889301948,0.00857323071049,0.0,0.0035650661645,0.0,-0.0038289772371
09:40:00,0.011885607234,-0.0135386683328,0.0,0.0100938131692,0.00699303549097,0.0,0.0,-0.00455581653586,0.0121846590164,-0.00324675609887,0.0,-0.00305810635882,-0.00148038517043,0.00422238487985,0.00277392688273,-0.00142755199119,0.0,-0.00158102799732,-0.00155159069142,0.0,0.00244498899307,0.0,0.00108991836403,-0.00320684400958,-0.0019723872272,0.00697561373642,-0.00392157365318,0.00196463717416,0.000991571722295,0.000985707324759,0.00290275965796,0.0,-0.00190476248065,0.0146617546663,0.00562325755436,0.00211193320314,-0.000997506317125,0.00373483160565,-0.0158733491563,-0.0147994244459,-0.00573067470899,-0.00245098161914,0.0,-0.0025510217916,0.00276243269591,-0.0041811907604,0.00683529660586,-0.00131147559781,-0.00135226525001,-0.00132890385005,-0.00132714020806,0.00137457066317,-0.0026881736618,0.00132714020806,0.0,0.00251256413588,-0.00488998529419,0.0012247398959,-0.0035650661645,0.00351082865006,-0.00256082086167
09:41:00,-0.00863004277421,-0.00996272250367,-0.00293685967331,0.00999294539752,-0.00699303549097,0.0,0.0,-0.0107116555949,-0.00520382787503,0.00486618965117,0.00304878284936,0.00153022218077,0.00148038517043,-0.00281294137661,0.0,0.00285306898241,-0.00972454989199,0.0,0.0,0.00318471606752,0.004872116824,0.00112422721228,-0.00655740054616,0.00427351077738,-0.00296589441338,0.00495295712885,0.00392157365318,0.00587085834978,0.000990589481696,0.00295130563458,-0.00290275965796,-0.00094295150787,-0.00286396377143,0.00171086440363,0.00279981517475,-0.00634922767866,0.00298953884837,0.00464900883824,-0.00702461493696,-0.0390929257913,-0.0138891121607,-0.00368777307918,0.0,-0.00127795544549,-0.00138026246896,0.0,0.00136147059832,-0.00131319782496,0.0,-0.0013306721857,-0.00132890385005,0.00137268381197,0.0,0.00132538124107,0.0,0.00750003515655,-0.0036832454163,0.00244498899307,-0.00238379135528,0.00233372334622,-0.00514139950042
09:42:00,0.0,-0.00125234831647,-0.00147167061146,0.00848661387732,-0.00881062968215,0.0,0.0,-0.00927363678533,0.00347222571075,-0.0016194335523,-0.00152322954052,0.0,-0.00296296513066,-0.00423430413879,-0.00138600160788,-0.00142551699122,-0.00162999221093,-0.00794285351394,0.00155159069142,0.00158856268514,0.00363857284391,-0.00337648041661,0.00328407520119,0.00212992625783,-0.00895083052008,-0.0039604012161,0.00876771325331,0.0029225544426,0.00395257431582,-0.00196656897204,-0.00193986481783,0.0,0.00286396377143,-0.0103093696589,0.00372093452569,0.00845671001822,0.00990107098271,0.00185356864932,0.0010065426114,-0.0100167782435,0.00465117117573,0.00246002584086,0.0204456911603,0.0,0.0,-0.00419874654635,0.0027173929765,-0.00263158046606,0.00135226525001,-0.00534046663132,-0.0013306721857,-0.00137268381197,-0.00134680155038,0.00660068403135,-0.00131665588475,-0.0024937668784,0.0,0.00365631120311,0.00119260598512,0.00116482249629,-0.00516797015844
09:43:00,-0.00325556445977,0.0136903196087,0.0,-0.0127570830008,-0.00532388125275,0.0,0.0,0.00155159069142,0.00173160216428,-0.00650408796918,0.00304414238123,0.00761618304531,0.00148257996022,-0.00141542840333,-0.00416956823672,0.00142551699122,-0.00326797676462,0.00318471606752,0.0046403795565,-0.00317965291738,0.0,-0.01590942647,-0.00109349382137,-0.00640343703521,-0.00500752173062,-0.00497266066938,-0.000970402793279,0.0,0.0,-0.00098473666254,-0.00194363520857,0.00188501469577,0.00475512070501,-0.00867308125343,-0.00745576613134,0.00942909028885,0.0,-0.0046403795565,0.00701757265865,0.0199342149008,0.00693644399666,0.00122774723832,0.0,0.0,0.00275862243908,0.00140154192529,-0.00135777346046,-0.00131839175326,-0.00135226525001,0.0,0.0013306721857,0.0,0.00269179166571,0.00524935588614,0.0,-0.00375234961855,0.00122925645473,0.00243013485329,-0.00119260598512,0.00232558244348,-0.0130379943381
09:44:00,0.00108636621222,0.00738919618237,0.0,0.0,0.00709222830949,0.0,0.0,0.00618239990832,0.00345423486809,0.00162999221093,0.00303490369515,0.00151630051796,0.0,0.0,0.00832182333749,-0.00285306898241,0.00489796897555,0.0,0.00768643292416,0.00159109023224,-0.00242424361151,0.0,0.00436681916634,-0.0010712373815,0.00400802139754,-0.0029955089798,-0.00486618965117,-0.00487568006348,-0.000986679902445,0.0,0.00194363520857,0.00375940292391,-0.00570886422032,-0.00261666089117,-0.0056285326831,0.00416233691469,-0.00493828164058,0.0,0.00099850232959,0.0173917427119,-0.0092593254128,0.00122624172324,-0.00477327875266,0.0,0.00549451931764,0.00419287826004,-0.00272109011436,-0.00132013220492,0.00808629743136,0.0,0.00132890385005,-0.00275103337189,0.0,-0.00656601177089,0.0,-0.00376648279548,0.00122774723832,0.00121285642521,-0.00119402999261,-0.00232558244348,0.0
09:45:00,-0.00108636621222,0.00489597061221,0.0,-0.0085960414698,0.00352734051797,0.0,0.0,0.00461184522256,0.00515908281003,0.0,0.00754720563538,-0.00151630051796,0.00295858203975,0.00141542840333,0.0123543095009,0.0,-0.00326264563482,0.00317460584077,0.0,-0.00478088560034,0.00121285642521,0.00684934184557,-0.00218102594636,0.00427808139108,0.00199800266267,0.00995033085317,0.000975134158206,-0.00195694778696,-0.00197628522821,-0.0019723872272,-0.000971345389632,0.00840733583597,-0.00191022025612,0.0078295310797,0.0056285326831,0.00103788281242,-0.000990589481696,0.0,-0.00600602406021,0.0181531947075,-0.00817284175587,-0.0110906866942,0.00238948739738,0.0,-0.00549451931764,-0.00139567363897,-0.00136332672786,0.00132013220492,-0.00403497521218,0.00133779284166,-0.00265957603576,0.00412371718386,-0.00134499011533,-0.0039604012161,0.00131665588475,-0.00378072283991,-0.00245700369305,0.00362976805058,-0.00119545740477,-0.00233100338648,0.00131147559781
09:46:00,0.00217155351351,-0.00858374369139,0.0,0.00143781476963,0.00175901540518,0.0,0.0,-0.00924505814405,-0.00515908281003,0.00162733965938,0.00300300525977,-0.00151860317719,0.0,-0.00141542840333,-0.00547196987799,0.0,-0.00985229644301,-0.00158604315563,-0.00460476638675,-0.00801928916662,0.00242130868901,-0.00227790531299,0.0,-0.00106780576083,0.0069617387088,0.00887142338742,-0.00488520756605,-0.00196078494194,-0.00198019866686,-0.000987654401273,0.0,0.000929800159967,-0.0028721896241,0.00604753462985,-0.000935891504905,-0.00415801014866,0.00395648389507,-0.00372787011401,-0.00604231445596,0.00316957476128,-0.00470036118033,0.00123839025115,-0.00358637563123,0.0,0.00275103337189,0.0,-0.00136518792534,0.0,0.0,0.00533334597536,0.0013306721857,0.0,-0.00269541942167,0.00659198168215,0.00393959800408,0.0,-0.0024630554324,0.00241254640538,0.0,0.00349447064977,0.00653170186322
09:47:00,0.00108401094626,0.00980400009662,0.0,0.0014357504261,-0.00352113039858,0.0,0.0,-0.00310077767825,-0.00865806274311,0.001624695727,0.0148812269967,0.00303490369515,0.00882358665852,-0.00425834568258,-0.00274725447514,-0.00429492428288,-0.00496278934213,-0.00477327875266,-0.00462606838878,0.012800174767,0.00362100576695,0.00113960126293,0.00761286982872,0.00426439878646,0.0029688294938,0.00293973754093,0.000978952598984,0.00293973754093,-0.00198412763505,0.0,-0.000972289818939,-0.00465767027398,-0.00576924677125,0.00172117082077,-0.00563381771826,-0.0062696130136,-0.00296589441338,-0.00938093183377,-0.00506330195655,0.00735683822571,0.00587200747722,-0.00247831601447,-0.00119832249211,0.0,-0.00412939334201,-0.00139762426664,-0.00273597981887,0.0,-0.00134861787129,0.00132890385005,0.0,0.0,0.00134861787129,0.00262467342277,0.0,0.00126182982042,0.00492005912545,-0.00483092726967,-0.00119688823385,0.0,0.00260078170006
09:48:00,0.0,-0.00611622701744,0.00587373201209,0.00429492428288,0.0017621149934,0.0,0.0,-0.00779427172682,0.00173761989854,0.0,0.0,-0.00151630051796,-0.00440206140064,-0.00284900477607,0.00411805660892,-0.0014357504261,-0.00165975141836,0.0,0.0,-0.00637960696404,0.0036079413762,0.00227531383714,0.0,0.0105821093305,0.00591134726306,0.0,0.0,0.00293112080886,-0.000993542058878,0.0,0.0,-0.003741819146,0.00672756021306,-0.00258286841825,-0.00661315589172,-0.0042016868537,-0.000990589481696,-0.00567109270382,-0.00815498912931,-0.00735683822571,-0.00234466695925,0.0,-0.0011997601919,-0.00256082086167,0.0,-0.00139958035442,0.00410116774421,0.00131839175326,-0.00270270434789,-0.00265957603576,0.00398142529919,0.0,0.00134680155038,-0.00131147559781,0.0052287700828,0.0,0.00245098161914,-0.0012113871863,0.0,0.00116211518018,0.0012978587156
09:49:00,-0.00325556445977,0.00245098161914,0.00146305805176,0.00711746776886,0.0,0.0,0.0,-0.00785549994031,0.00346620797649,0.0,-0.011887212784,0.0,0.00146950797936,-0.00428878427222,0.0,-0.00431966114452,-0.00666669135819,-0.00800644789374,0.00462606838878,0.0,0.00717706430036,0.00679504313283,0.00216450300957,0.00838579337627,0.0,0.0,-0.00195886448533,-0.00195312562088,0.000993542058878,0.0,-0.000973236086552,0.0028076761542,-0.00191754612927,-0.00345423486809,-0.000948316808859,0.0135914272035,0.00395648389507,0.00661315589172,-0.00616018375146,-0.0116712200166,-0.00824989947214,0.00371517455186,0.00359497091786,-0.00128287381289,-0.00414651596185,-0.00421053253634,0.0,0.0,-0.00135409634773,0.0,-0.00132538124107,0.0,0.0,-0.00131319782496,-0.00130463162666,0.00126023961229,0.0,-0.00242718565761,-0.00239808268401,-0.00116211518018,0.0103226723074
09:50:00,0.0,-0.00490798531219,-0.00733679006385,0.00706716722309,0.00351494210744,0.0,0.0,0.00157604445547,0.0,0.00324149392417,0.00149365225678,-0.00151860317719,-0.00294117859082,0.0,-0.00274348594575,-0.00578872817624,-0.0134682170509,0.00481155699722,-0.00153964618559,-0.00320513094895,0.00238095350574,-0.00339175000112,0.00108049713375,0.00520563382727,-0.00196656897204,0.00293112080886,-0.00196270916785,0.00390244397693,0.0,0.000987654401273,-0.00292540432911,0.000934142991797,0.00669538608298,-0.000865426276428,0.0113208756245,0.0113578918444,0.000986679902445,0.00563381771826,-0.00619836695234,-0.00857454342458,0.00118273224905,-0.0012368585374,-0.00359497091786,-0.00128452169236,-0.00277392688273,-0.00140745976788,0.00136332672786,-0.00131839175326,-0.00135593241114,-0.00266666824692,0.00264900817158,0.0,0.0026881736618,0.0,0.0,0.0012586534072,0.00244498899307,0.0012143292324,-0.00481348703155,0.0,-0.0025706955031
09:51:00,0.00542006746934,-0.00616905102672,0.0,-0.0099080782247,-0.00351494210744,0.0,0.0,0.00157356444743,0.00172860890062,0.0,0.00743497848752,0.00151860317719,-0.00442805151573,0.00143163947144,0.00547946576463,0.0,-0.00509771707167,0.0047885167318,0.00153964618559,0.00799364768075,-0.00715993512209,-0.00226757466778,0.00538504263089,-0.00520563382727,-0.00493340911796,-0.00488998529419,0.000981836112257,-0.00194931835605,0.00198412763505,-0.000987654401273,-0.00391389932114,0.00465767027398,-0.00095374351531,-0.000866175887849,-0.00470146611181,0.0132587357909,0.0019704439873,0.000935891504905,0.0123585507038,0.00857454342458,0.0129185589916,0.0,0.00239808268401,-0.00128617381074,-0.00417537141048,0.00421645037893,0.0,0.0,0.0,0.00133422301314,0.00264200946284,0.0,0.0066889881508,0.00262467342277,-0.00261438057407,0.0,-0.00122174725032,-0.00364742045704,-0.0024154601116,-0.00232828975959,0.0025706955031
09:52:00,0.00646553976464,0.00247218914539,0.00294117859082,-0.00142348778485,0.00526779093486,0.0,0.0,0.00157109223204,0.0068847087775,0.00323102058145,0.00590843668617,0.00151630051796,0.00295421189743,0.00570614957685,0.0135687292061,0.00289855275401,0.0152158472373,0.0,-0.00462606838878,-0.0047885167318,-0.00359928402965,-0.002272728251,0.00214592357028,0.00312663099943,-0.000989609185166,-0.00787405643091,0.00196078494194,-0.00391007340784,-0.00198412763505,0.0,-0.00294551022976,0.00371057939654,0.0,-0.00434216921929,-0.00756862648001,-0.00711746776886,0.00196656897204,-0.0056285326831,0.0242681272724,0.00850164525532,0.0150552930508,0.0012368585374,0.0,0.0,0.0013937284486,0.00140154192529,-0.00136332672786,0.00131839175326,-0.0027173929765,-0.00133422301314,0.00131839175326,0.00137080213378,0.0,0.0,-0.00130975788206,0.00125707119005,-0.00244798163864,0.00364742045704,0.0024154601116,-0.00116618089018,0.0102172025467
09:53:00,0.00428725201162,0.00369686188133,0.00293255342128,0.00142348778485,0.0104530568521,0.0,0.0,0.00156862777263,0.0136288310556,0.00803217169726,0.00294117859082,0.00151400483122,0.0,0.0028409110016,-0.00134861787129,0.00577202179712,-0.00673403218134,-0.0047885167318,0.0,-0.00320513094895,0.0,-0.00113830405006,0.00321027563025,0.00518942524223,0.00887142338742,-0.0029688294938,-0.0029426210542,0.0,0.0,0.00197433430372,-0.00295421189743,0.0110498361866,0.0,-0.00261438057407,0.000949216967332,-0.012320484388,-0.00393701295934,-0.000941176540064,-0.000999500333083,0.00422387111619,0.00801378072355,0.0,-0.00359928402965,0.0,0.00139178867282,0.0,0.00136332672786,-0.00131839175326,0.0,0.0,-0.00263852395818,-0.00411805660892,0.0,0.0,-0.00131147559781,0.00250941160543,-0.00122624172324,0.00121285642521,-0.0024154601116,0.0,0.00126984144048
09:54:00,0.0,0.0,-0.00293255342128,-0.00142348778485,0.0,0.0,0.0,0.00312989300893,0.0101010959865,0.0047885167318,-0.00441501820912,-0.00151400483122,-0.0103781509687,-0.0028409110016,-0.00949159668157,0.00143781476963,0.00168776411372,-0.00320513094895,0.00154440185137,-0.00644124610286,0.00120120134563,0.00341103230106,-0.00106894718891,0.00206825306406,0.00782017670583,-0.00297766969392,0.00196270916785,0.00195694778696,-0.000993542058878,0.000985707324759,-0.00197433430372,-0.00366972888896,-0.00191022025612,-0.00349650705873,-0.000949216967332,0.00720538372127,-0.000986679902445,-0.00188501469577,-0.00501254182354,0.00315623618144,-0.0160923012888,0.0,0.00359928402965,0.00128617381074,0.0,0.0,-0.00136332672786,0.0,0.00135961951604,0.0,0.0,0.00274725447514,-0.00133422301314,0.0,0.00131147559781,0.00125234831647,0.00122624172324,0.0,-0.00120992150271,0.00349447064977,-0.0102041701742
09:55:00,-0.00428725201162,-0.00369686188133,0.00439561147304,-0.00571430126344,-0.0087032751283,0.0,0.0,0.0,0.0149628726767,-0.00159362583528,-0.00295421189743,0.00151400483122,0.00297619267305,-0.00142348778485,0.0,-0.00287769982762,-0.0084674510991,-0.00160642604827,0.00154202035182,0.0,0.00479042832263,0.00339943670146,-0.00428725201162,-0.00517867547845,0.00291687129512,-0.000994530166508,0.0,0.00487568006348,0.0,-0.000985707324759,0.000987654401273,-0.0036832454163,-0.00960622180544,0.000875273578855,-0.00762634773506,0.00307219903697,0.0019723872272,-0.00472814119595,-0.0040282028286,0.00209863665692,-0.00115942041974,0.00493219248932,0.0,0.0,0.00138985428905,0.0,0.00272479732619,-0.00132013220492,0.0027137058716,0.0,0.0,-0.00137268381197,0.0,0.0,-0.00131147559781,-0.00376175992189,-0.00245398896157,0.0012113871863,-0.00242424361151,0.00348230183587,-0.00128287381289
09:56:00,-0.00646553976464,-0.0111733005981,0.00291971010333,0.0,0.0,0.0,0.0,0.00312012733624,0.0147422817372,-0.00800644789374,0.0,0.00302115033418,-0.00446761725972,-0.00285306898241,0.00407886357482,-0.0057803629155,-0.0119761910467,0.00481155699722,0.00153964618559,0.00161420535454,0.0,0.00564017287626,-0.00538504263089,0.00207468954086,0.00677312700585,0.0,-0.000980873055592,-0.0019474202844,0.0,-0.000986679902445,-0.000987654401273,0.00276370512162,0.00192864090641,0.00610555756248,-0.0154294285649,0.0,0.00098473666254,0.00849462399142,0.00100857295488,0.00418410652257,-0.00116076623596,0.00122925645473,0.00119688823385,0.00128452169236,-0.00278164296188,0.0,0.00135961951604,0.00263852395818,0.0,0.0,-0.00264550418842,0.0,0.00133422301314,0.00130975788206,-0.00131319782496,0.0,0.0,-0.0012113871863,-0.0060864460564,0.00115807772063,-0.00385852568753
09:57:00,-0.00650761515674,-0.00375234961855,-0.0043827681551,0.0,-0.00701757265865,0.0,0.0,-0.00468384931243,0.001624695727,0.0,-0.00296296513066,-0.00150943424885,0.00149142458667,0.0,-0.00135777346046,0.00289435802636,0.0,0.00319489089652,-0.00308166653741,0.0,-0.00479042832263,0.00560853965961,-0.00324500014333,0.00207039411431,-0.00193050253006,0.00397219986043,-0.00393314174684,-0.00488520756605,0.000993542058878,0.0,0.00492854620115,0.000919540294679,0.000962927373394,0.00260529891176,0.0,-0.00615386557438,0.00196656897204,0.0,0.00703167136368,-0.00733371542547,-0.00232558244348,-0.00246002584086,-0.00119688823385,0.0,0.0055555698446,0.00139958035442,0.00135777346046,-0.00263852395818,0.0,0.00133422301314,0.0,-0.00137457066317,0.0,0.00130804466002,-0.00263158046606,0.0,0.0,-0.00486027688225,-0.00612371785053,0.00346620797649,-0.00128949082987
09:58:00,-0.0010887317352,-0.0100756519887,-0.00440206140064,-0.00143369200185,0.0,0.0,0.0,-0.00785549994031,-0.00651468102119,0.00641027836092,0.00148257996022,-0.00302572091654,0.00446097394063,-0.00286123228103,0.0027137058716,0.00144404357223,0.0,0.0,-0.00309119256967,0.00482704074832,0.00239808268401,-0.0022396425935,0.00755535164445,-0.00103466124078,0.000965717119959,0.0029688294938,0.00098473666254,-0.00392542211611,0.00297471711674,0.0,0.00196463717416,-0.0036832454163,-0.000962927373394,0.00605276383135,-0.00194552590549,-0.00826450984989,0.00392157365318,-0.00282353128761,0.0109508311868,-0.00632913505165,-0.00116482249629,-0.00123228604627,-0.00119832249211,0.00256410396894,-0.00138600160788,-0.00139958035442,0.0,0.0,0.0,0.0,-0.00398142529919,0.0,-0.00400802139754,0.00261096754072,-0.00131839175326,0.0,0.00245398896157,-0.00243902559936,0.00122774723832,0.00460300007196,0.0051480165174
09:59:00,0.00759634689194,0.0,-0.00147167061146,-0.00287356519573,0.00351494210744,0.0,0.0,-0.00950878796903,-0.0148150857851,-0.0015987213637,0.00148038517043,0.00302572091654,0.0,0.00571430126344,0.0227739246486,0.00575541157062,0.00686109037995,-0.00319489089652,0.0,-0.00160642604827,0.0,-0.00224466985382,0.0,0.00206825306406,-0.00580834159575,0.00197433430372,0.000983767910133,-0.00295421189743,0.000989609185166,0.000986679902445,0.00489477237673,-0.0064785048432,0.00288600488914,-0.00865806274311,0.0125787822069,-0.00415801014866,0.00488043916491,0.00470146611181,0.00690678621325,-0.00743497848752,-0.00233372334622,-0.00123380644893,-0.00240096153754,0.0,0.00138600160788,0.0,0.00271002875887,-0.00132187725792,0.00270636159774,0.00133244523378,0.0,0.0,-0.00268096675326,-0.00130463162666,-0.00132013220492,-0.00251572459725,0.0,-0.00122174725032,0.00611622701744,0.0,0.00767267191166
10:00:00,0.00539084863488,0.00505051578607,0.0,-0.00722024797349,0.00175284882741,0.0,0.0,-0.0047885167318,-0.00498754151104,0.0047885167318,-0.00148038517043,0.0,-0.00148478126758,0.0,-0.00797876573181,0.00429492428288,0.00511510066677,0.0,-0.00777004686193,-0.0016090108057,0.0,0.00112296474462,-0.0021528533611,0.00103252461419,0.00387597384469,-0.00395257431582,0.00294551022976,0.00589972212719,-0.000989609185166,-0.00197433430372,-0.00391389932114,0.00278164296188,0.000960153698343,-0.00086994350854,0.00383877630717,0.0051948168771,0.0,-0.00375940292391,-0.00196850457267,0.00212992625783,-0.00351082865006,0.0,0.00120120134563,0.0,-0.00138600160788,-0.00140154192529,-0.00135409634773,-0.00264900817158,0.00269905696916,0.0013306721857,-0.0013306721857,-0.00137646270872,0.00401875959492,0.0,0.0,-0.00252206943271,-0.00245398896157,-0.00244798163864,0.00121876919413,-0.00460300007196,0.00634922767866
10:01:00,-0.0021528533611,0.00377121754308,0.0,-0.0101967380205,-0.00175284882741,0.0,0.0,0.0,-0.0016680571007,-0.00159362583528,0.00295858203975,0.00452148471885,-0.00148698912158,-0.00142551699122,0.00797876573181,0.0,-0.00340715832161,0.0015987213637,0.00466926918368,0.00481928643595,0.00239234563862,-0.00449944516123,0.0021528533611,-0.00310077767825,0.0,0.00296589441338,-0.000980873055592,0.00195886448533,-0.000990589481696,0.00197433430372,-0.000980873055592,0.00369686188133,-0.00481001408379,0.00086994350854,0.00191387618228,0.00516797015844,-0.00488043916491,-0.00282885620048,-0.0089065408162,0.00741921792203,-0.0106070528957,-0.00123533060799,-0.00120120134563,0.0,-0.00138792527485,0.0,0.00270636159774,-0.00398671624382,-0.00540541856691,-0.00266311741948,0.0013306721857,0.0,0.0,0.0,0.00132013220492,-0.00379507096855,0.00122774723832,0.0,0.00364742045704,0.0,0.0113280003052
10:02:00,-0.00540249828335,-0.00882173332915,0.0,-0.00293255342128,-0.00175592670226,0.0,0.0,0.00319489089652,0.00499584719337,0.00952388151126,0.00147601502812,0.00150262988453,0.0,0.00427046912345,-0.00531209748489,-0.00142959280959,-0.00684934184557,0.00159616953282,0.00155159069142,0.00160128136697,-0.00119545740477,0.00337648041661,0.00322061470004,-0.00623054975064,0.00482393603085,0.0,0.0,-0.00195886448533,-0.00198412763505,0.0019704439873,0.00196078494194,0.000922083974968,-0.00193050253006,0.00865806274311,0.0038167985267,0.00514139950042,-0.00490437471509,0.00282885620048,-0.00498257134446,0.00736457826221,-0.00713439411387,0.0,-0.00120264596576,-0.00128123015605,0.0,0.0,0.00269905696916,0.0013306721857,0.0,0.0,-0.0013306721857,0.0,0.0,0.0,0.002635047638,-0.001268230988,0.0,0.00244798163864,0.00121285642521,-0.00115406821811,0.00748133165229
10:03:00,-0.00434311214717,-0.0127390257774,0.0,-0.00294117859082,-0.00175901540518,0.0,0.0,0.00952388151126,0.00662254076049,0.00315457674852,-0.00443459706787,-0.00300752106396,-0.00298062813814,-0.00427046912345,-0.00266666824692,0.0,0.00855437209666,0.00159362583528,0.00154918698683,0.0,-0.00119688823385,-0.00112422721228,-0.00107238616175,-0.00417537141048,0.0152820548109,-0.00296589441338,-0.000981836112257,-0.00392927813989,-0.000993542058878,0.00196656897204,-0.00196078494194,-0.000922083974968,-0.0126399349358,-0.00345423486809,-0.000952834755272,0.00307219903697,0.00392542211611,0.00375940292391,0.00398804117796,0.00835077921742,-0.00838830562664,0.00123533060799,0.0,-0.00256739550525,-0.00138985428905,0.00280112227971,-0.00134861787129,-0.0013306721857,0.0,0.0,0.00265957603576,0.0,0.0,-0.00130633591406,0.0,0.00379987790977,-0.00122774723832,0.00487805845343,-0.00121285642521,0.00230680609792,-0.0012430082396
10:04:00,0.0,-0.0129034048359,0.0,-0.011851990587,-0.00352734051797,0.0,,-0.00633916544374,0.00821697310228,-0.00949374219225,-0.00743497848752,0.0,0.0,0.0,0.00133422301314,0.00285714480078,0.0,0.0,0.0,0.0,-0.00359928402965,0.00112422721228,-0.00107353740852,0.00208986491946,0.0113102053916,-0.00595830958363,0.000981836112257,0.00196656897204,0.0,0.00196270916785,-0.00196463717416,-0.00462321674146,-0.0137933221323,0.00431593246557,-0.00190839752576,0.0,-0.0029426210542,0.00561273690496,0.00198807222539,0.00414938354681,-0.0157674582527,-0.00247218914539,-0.00361664047019,-0.00257400399517,-0.0041811907604,0.0,0.0,0.0013306721857,0.00405680069561,0.0,0.0,-0.00137835997012,0.0,-0.00130804466002,0.00131492458131,-0.00126502230659,-0.00122925645473,-0.00365631120311,-0.0012143292324,0.00115141060504,-0.00249066131245
10:05:00,0.00325910120091,0.005181358742,0.0,0.0103781509687,0.00176522552457,0.0,0.0,0.00317460584077,-0.0115227612368,0.00317460584077,-0.00149365225678,0.0,0.00149142458667,-0.00142755199119,0.0053191614776,-0.00142755199119,-0.00170503025108,0.00159109023224,0.0015467907183,0.0015987213637,-0.00120264596576,0.00112296474462,-0.00107469112977,0.00416667269485,0.00932842585464,-0.00499252160312,0.0,0.0029426210542,-0.000994530166508,0.00195886448533,0.0117303397855,0.0,0.0039604012161,0.000860955713965,0.0,-0.00409836639228,0.00196270916785,0.00465333552564,0.00297471711674,0.0102987522006,-0.0160200591842,0.0,-0.00120845936157,0.0,0.0,0.0,0.00134861787129,0.00132890385005,0.0,-0.00133422301314,0.0,0.00137835997012,-0.00133779284166,0.0,0.0,0.0,0.00122925645473,0.0,-0.00365186041877,0.00344629864359,-0.00500001041671
10:06:00,0.00108401094626,0.00772204609391,0.0,0.0175443096509,0.0,0.0,,0.0,0.0,0.00474309189601,0.00149365225678,-0.00150715929057,0.00148920355147,0.00142755199119,-0.00398671624382,0.00142755199119,-0.00341880674879,0.00317460584077,0.00154440185137,0.0,0.00120264596576,0.0033613477027,0.00322061470004,0.00311365067328,-0.00652074970044,-0.00300752106396,0.000980873055592,0.000978952598984,-0.000995520241502,0.0,0.00484731923433,-0.00557622262744,0.00787405643091,-0.00172265331145,0.0,0.00205128277056,0.000979911886349,0.0055555698446,0.00197824001211,-0.00616651491566,0.00371978110253,0.00616905102672,-0.00242130868901,0.00257400399517,-0.00139762426664,0.00139762426664,-0.00134861787129,0.00132714020806,0.0,0.00133422301314,-0.00132890385005,0.00275103337189,0.0026737983844,0.00130804466002,-0.00131492458131,0.00252844635336,-0.00369231188713,0.0,0.0,0.00114613193062,-0.00502513620267
10:07:00,0.00216450300957,0.0152674721308,0.0,0.0043384015986,0.0017621149934,0.0,,-0.00317460584077,0.00660068403135,0.00157604445547,0.0,0.0,0.00148698912158,0.00284900477607,-0.00534046663132,0.00142551699122,0.00512383699987,0.00158353160564,0.00615386557438,0.0,0.00120120134563,0.00223463780142,-0.00322061470004,-0.00415369236869,-0.00468384931243,-0.00705292596189,0.000979911886349,-0.00195886448533,0.000995520241502,0.0,0.000966650631095,-0.00186567218295,-0.00294551022976,-0.000862440760659,0.00381316000641,0.00408998525153,0.000978952598984,0.0064427282222,0.000987654401273,-0.00309757604413,0.00739830748144,0.00490798531219,0.0012113871863,-0.00257400399517,0.0,0.0,0.0,0.0,0.0,0.0,-0.00266311741948,0.00137268381197,-0.00401338331346,-0.00130804466002,0.0,-0.00126342404677,-0.00123380644893,0.00243902559936,-0.00122025640523,0.00114481981593,-0.00378549347948
10:08:00,-0.0119631660583,-0.00379507096855,0.0,-0.010152371464,0.00175901540518,0.0,0.0,0.0,-0.00494642393533,-0.00157604445547,0.00446761725972,-0.00150943424885,-0.00148698912158,0.0028409110016,0.00534046663132,-0.0129034048359,0.00509771707167,-0.00316957476128,0.0,0.00159616953282,-0.00120120134563,0.0,0.00214822853829,0.00207900282783,-0.014184634992,-0.00303797702008,0.0,0.0,0.0,0.0,0.00481928643595,-0.003741819146,-0.00690678621325,-0.00172711614608,0.00190114125702,0.00407332538764,0.000977995187977,0.000917010609881,0.0,0.00618558673271,0.00734397425576,0.00122324174274,-0.0012113871863,-0.00128949082987,-0.00842701616188,-0.00139762426664,-0.00270270434789,0.00397088542949,0.0,0.0,0.0,0.00273972774112,0.00267737777072,0.00130804466002,0.0,0.00126342404677,0.00123380644893,0.00243309122464,-0.00122174725032,0.00114351070208,-0.00126502230659
10:09:00,0.00762946480116,-0.0114724011622,0.0,0.00291121020746,-0.00175901540518,0.0,0.0,0.00158856268514,0.00330033302866,-0.00157853229305,0.0,-0.00302572091654,0.00297177038916,0.00424629088145,0.0119127815162,0.00288184637489,0.00507186209796,-0.00158856268514,-0.00615386557438,0.0,0.00120120134563,-0.00223463780142,0.0,0.00207468954086,0.0047506027586,0.010090902982,0.00293398743479,0.0,0.0,0.000977995187977,0.00479617226349,-0.00281558140016,-0.00496278934213,-0.000864677961354,0.000949216967332,0.00405680069561,-0.0039177327289,-0.00275355841718,0.0,-0.00102827772557,0.0205197302312,-0.00490197060021,0.0012113871863,0.0,-0.00141143283841,-0.00139958035442,-0.00135409634773,-0.00397088542949,-0.00135043909787,-0.00133422301314,0.0,0.0,-0.00133779284166,-0.00130804466002,-0.00131665588475,0.00126182982042,-0.00123380644893,0.0012143292324,0.00366077284968,0.00114220457878,-0.00253485560319
10:10:00,-0.00435256399884,0.0102041701742,0.0,-0.0146415499929,0.0,0.0,0.0,0.0047506027586,-0.00495459312468,-0.00316455960296,0.0029673612278,0.00302572091654,0.00444116199997,-0.00424629088145,0.00916836808688,-0.00288184637489,0.0033670065479,-0.00318471606752,0.00615386557438,0.0,0.0011997601919,-0.00111919429702,0.0032137146031,-0.00103680672844,0.00661315589172,0.00700353037734,0.00292540432911,0.0,0.000994530166508,0.000977039647827,0.000956480225957,-0.00376648279548,0.00496278934213,-0.00259852896326,-0.000949216967332,0.0,-0.0029484050843,0.00275355841718,0.0,-0.00722770312145,-0.00719427563403,0.00367872885746,0.0,-0.00387847932857,-0.00282885620048,0.00419287826004,0.0,0.00264900817158,-0.00135226525001,0.0,0.00133244523378,-0.00136892560734,0.0026737983844,0.00130804466002,-0.00131839175326,0.00126023961229,0.0,-0.0012143292324,0.00121728560375,0.00114090143579,0.0
10:11:00,0.0,0.00506330195655,0.0,0.0,0.00526779093486,,,0.00157853229305,-0.00497926339961,-0.00476569607301,0.00148038517043,-0.00151171608532,0.00294985464642,0.0,-0.00916836808688,0.0014419613169,-0.00674538813953,0.0,-0.00615386557438,-0.00319489089652,0.0,0.00111919429702,0.00426894991958,0.00207253960197,-0.00188501469577,-0.0029955089798,0.00291687129512,0.00293685967331,-0.000994530166508,0.0048709302346,-0.00575265248945,0.00470589103741,0.000989609185166,-0.000867679013222,-0.00285306898241,-0.0060913893934,-0.0019704439873,0.0253407224789,-0.00296589441338,-0.00832470988603,-0.0145457110024,0.00244498899307,0.00120992150271,-0.00129617646145,0.0,0.00278551712143,0.0,-0.00264900817158,0.0,0.0,-0.00133244523378,-0.00137080213378,-0.0026737983844,-0.00130804466002,0.00131839175326,0.0,0.0,0.0012143292324,0.0,0.00341491510007,0.00884402479645
10:12:00,-0.00986309365517,0.0,0.0,0.0102715503218,0.00871845103988,0.0,,0.00628932890756,-0.0100335289896,0.00476569607301,-0.00148038517043,0.00151171608532,-0.0014738396183,-0.0028409110016,-0.002635047638,0.00143988505799,-0.00169348050633,0.00318471606752,0.00154202035182,0.00319489089652,-0.0036036075033,0.0,0.00425080342519,-0.00103573287353,-0.00567645800481,0.00399202126954,-0.00194363520857,0.00195312562088,-0.00199203253124,0.00677968698538,-0.00481928643595,0.0112045990129,-0.00994043970525,0.00173460581221,-0.00477327875266,-0.00510465631168,0.0,0.000893255977215,-0.0129548398735,0.00832470988603,-0.00858374369139,-0.00122174725032,0.00362100576695,-0.0012978587156,-0.00141743468097,-0.00278551712143,0.00270636159774,0.0,0.00135226525001,-0.00133600554274,0.0,0.0,0.0026737983844,0.0,0.0,0.0,-0.00371057939654,-0.00243013485329,0.00121580562089,-0.00227531383714,0.0062696130136
10:13:00,-0.00330943490137,0.00252206943271,0.0,0.00291545396012,-0.00522194398115,0.0,,0.00780644089283,-0.00168208618298,0.00316455960296,0.00148038517043,0.0,-0.00295421189743,-0.00142348778485,0.00394997221931,-0.00577202179712,0.0151390612157,0.00158856268514,0.00461184522256,0.0,0.00120264596576,-0.00111919429702,0.00739570196113,0.0,-0.00475512070501,0.0,-0.0019474202844,-0.00293112080886,-0.000997506317125,-0.00289995369979,0.00289435802636,0.0,-0.00400400935338,0.0,0.0,0.00102301799203,-0.000986679902445,-0.0116750315805,-0.0070458268332,0.00413651055178,0.00123076938613,0.0,0.0,0.00388853373969,0.0028328630843,0.00278551712143,0.00135043909787,0.0,0.00135043909787,0.00133600554274,0.0,-0.00137268381197,-0.00133600554274,0.0,-0.00131839175326,0.0012586534072,0.00247524878854,0.00121580562089,0.0012143292324,0.00227531383714,-0.00125078190165
10:14:00,0.00220750641521,0.0012586534072,0.0,0.00145454571099,-0.00524935588614,0.0,0.0,-0.00311526731695,0.0,-0.00158102799732,-0.00593473551981,0.0,0.0,0.00142348778485,-0.00394997221931,0.00433213673913,-0.00334448472285,-0.00158856268514,0.00153256734978,0.00159362583528,-0.00120264596576,0.0,0.00210305019678,0.00413651055178,0.0,0.00199005040801,0.000974184197843,-0.000978952598984,0.000997506317125,-0.00485202310453,0.00480539127494,-0.00185873659463,-0.0070458268332,0.000866175887849,-0.000957395956327,0.0020429016298,0.00590552897404,0.00809721023262,0.0110498361866,0.00309119256967,0.0158636639732,-0.00122324174274,-0.00120554565535,0.0,0.00141342779715,0.00138985428905,0.00134861787129,-0.00132714020806,-0.00135043909787,0.0,0.00133244523378,0.00137268381197,-0.00133779284166,0.00130804466002,-0.00132013220492,-0.0012586534072,0.0,0.0,0.00121285642521,0.00340329313171,-0.00501883111194
10:15:00,0.00659343047983,-0.00251889301948,0.0,0.0,-0.00351494210744,0.0,0.0,0.00466926918368,-0.00337268447864,-0.00158353160564,0.00445435034938,-0.00151171608532,-0.00296296513066,-0.00142348778485,-0.00264200946284,0.0,0.00501254182354,-0.00318471606752,-0.00153256734978,0.00159109023224,0.0,0.0,-0.00210305019678,0.00411947029524,0.00475512070501,-0.00398406901487,-0.00390244397693,-0.000979911886349,0.000996512289739,-0.000973236086552,0.0,-0.00279459893102,0.0,-0.00260078170006,0.0,0.0,0.00293973754093,-0.0135320062186,-0.00300150300376,-0.00102933616911,0.00483092726967,0.0,-0.00120700075004,0.0,0.00422833610952,-0.00138985428905,0.0,0.0,0.00135043909787,-0.00133600554274,0.0013306721857,-0.00137268381197,0.0,-0.00130804466002,0.00132013220492,0.0,0.00370142310319,0.0,0.0,-0.00226757466778,-0.0012586534072
10:16:00,0.00109469085918,-0.00379027617378,0.0,-0.00436999967112,0.0,0.0,0.0,-0.00155400186673,0.0100841190666,0.00158353160564,-0.00148257996022,0.0,0.00148257996022,-0.00571430126344,-0.0066357244154,-0.0014419613169,-0.0117352562184,-0.00319489089652,-0.00307219903697,0.0,0.0,-0.00336511815031,-0.00105318598466,0.00205338881184,0.00378788331694,0.0,0.00195312562088,0.0,-0.000996512289739,0.00291687129512,-0.00288046286535,0.0,0.0130458448333,-0.00173761989854,-0.00191754612927,-0.00306591962184,0.00293112080886,0.00543479598596,0.0,-0.00619836695234,-0.00725517088117,0.0036652453983,0.0,-0.00129449856265,0.0,-0.00139178867282,0.0,-0.00399202126954,-0.00270270434789,0.00133600554274,0.0,0.0,0.00133779284166,0.00130804466002,0.00131839175326,0.0012586534072,0.0,0.0,0.00242130868901,-0.002272728251,0.0012586534072
10:17:00,0.00436681916634,-0.00253485560319,0.0,0.00145878946366,-0.00352734051797,0.0,0.0,-0.00624026986008,0.00832644277655,-0.00316957476128,-0.00297177038916,-0.00151400483122,-0.0029673612278,-0.00143369200185,-0.00266666824692,0.00288184637489,0.0200340590331,0.0015987213637,0.0,0.00475813744642,-0.00361664047019,-0.00224971973402,-0.00422387111619,-0.00720538372127,0.000944733183162,-0.00199800266267,-0.00195312562088,-0.000980873055592,0.000996512289739,-0.000971345389632,-0.000962001036191,-0.000933271182999,0.00794443105854,0.000869187364587,-0.00674051661384,-0.00616018375146,-0.00391007340784,0.00630348777859,0.0,-0.00103680672844,-0.0109824166686,-0.00122025640523,-0.00120845936157,0.00129449856265,0.0,0.0,-0.00134861787129,0.00133244523378,0.00270270434789,0.0,-0.0013306721857,0.00137268381197,0.0,0.0,0.00131665588475,0.00125707119005,0.0,-0.00121580562089,0.00120845936157,-0.00227790531299,0.00125707119005
10:18:00,-0.00327332534497,-0.0102041701742,0.0,0.00145666449646,-0.00531445006349,0.0,,-0.00313479880537,0.00496278934213,0.0,-0.00148920355147,0.00453515516539,0.00148478126758,-0.0014357504261,-0.00133600554274,0.00573889666902,-0.00165426009603,0.00478088560034,-0.00153964618559,-0.00316957476128,-0.00484262447579,-0.00564654238821,-0.00105876134824,-0.00206825306406,-0.0028368813352,0.000999500333083,-0.000977995187977,-0.000981836112257,0.000995520241502,-0.0048709302346,0.00288323121408,-0.0018691594227,0.00591717702809,0.0,-0.000966650631095,-0.00206185640056,-0.000979911886349,0.00089726340699,0.00400000533335,0.0,0.0,-0.00122174725032,0.00120845936157,0.0038734715958,-0.00140745976788,0.0,0.0,0.0013306721857,-0.00135043909787,0.0,0.0,0.00273972774112,0.00133600554274,0.00261096754072,0.00131492458131,0.00125549294583,-0.00246609249519,0.00121580562089,-0.00362976805058,-0.00114090143579,-0.00125707119005
10:19:00,-0.00547946576463,-0.00643089033029,0.0,0.00145454571099,-0.00355872261699,0.0,0.0,-0.00314465667947,-0.00828505153411,-0.00158856268514,0.0,0.00601505572976,0.00148257996022,0.0014357504261,0.00798939003348,0.00285714480078,-0.00664454271867,0.00158856268514,-0.00308642220319,-0.00477327875266,0.00363416511422,-0.00113314459717,0.00105876134824,-0.00727275932908,-0.00094741835604,-0.00400400935338,0.0019550348358,0.00196270916785,0.0,0.0048709302346,0.00478698855722,-0.00656970922316,0.00392542211611,-0.000869187364587,0.00386100865746,0.0,0.0,-0.00720075118558,0.0069617387088,0.00310720084275,0.00733499621157,0.0,0.00120700075004,0.00128783018443,-0.00140944350323,0.0,-0.00135043909787,0.00265604405812,-0.00135226525001,0.00133422301314,-0.00133244523378,0.00136705421153,-0.00133600554274,0.0,-0.00131492458131,0.0,0.00123380644893,0.0012143292324,0.0,0.00228050269873,0.00251256413588
10:20:00,0.00329128108407,0.00386349482504,0.0,0.0,-0.0017841217935,0.0,0.0,-0.00790517950711,-0.00166527931906,0.0,0.00297619267305,0.00448766646939,0.0,0.00429492428288,0.00132538124107,0.00710735045865,0.00332779009267,-0.00477327875266,0.0,0.0,-0.00242130868901,0.00226500663085,0.00211416569234,-0.00104329691258,-0.0047506027586,-0.00100351237724,0.0,-0.00196270916785,0.000994530166508,-0.00194552590549,0.00286123228103,-0.000942063187901,-0.00589392668878,0.0,0.000962927373394,0.0,0.000979911886349,0.00180505464173,0.000990589481696,0.00103359182328,-0.00121876919413,-0.00122324174274,0.0,-0.00128783018443,0.0,0.00139178867282,0.00135043909787,-0.00265604405812,0.0,0.0,0.00133244523378,-0.00136705421153,0.0,0.0,0.00131492458131,-0.00125549294583,0.00123228604627,-0.00243013485329,-0.00242718565761,0.00341103230106,0.00500626827814
10:21:00,0.00655024176072,-0.00903815061506,0.0,-0.00729397836255,-0.00537154380191,0.0,0.0,0.0157483569681,0.00498754151104,0.0,0.00148478126758,0.00149142458667,-0.00148257996022,-0.00286123228103,-0.00398142529919,-0.00141743468097,0.00331675262599,-0.00159616953282,0.00154440185137,-0.00159616953282,0.0,0.00451468035453,0.00210970542385,-0.00418410652257,-0.0038167985267,0.00100351237724,0.00389864041566,0.000981836112257,0.000993542058878,-0.00194931835605,0.00569802111464,0.000942063187901,-0.0019723872272,0.0,0.000962001036191,-0.00103252461419,0.00195694778696,0.00360036392518,0.00296589441338,-0.00517867547845,-0.00734397425576,0.0,0.0,-0.00516797015844,-0.00282486063555,0.0,0.0,0.0,-0.00135409634773,0.0,0.0,0.00136705421153,-0.00133779284166,0.0,0.0,-0.00125707119005,-0.00123228604627,0.00121580562089,-0.00121580562089,-0.00569153499979,0.00373832211061
10:22:00,0.0118984637916,0.00646414661989,0.0,-0.00146520172733,-0.00720723840495,,0.0,-0.00312989300893,0.00496278934213,0.00158856268514,0.0,0.0,0.0,0.00428878427222,-0.00266311741948,-0.00141944665423,0.00660068403135,-0.0015987213637,-0.00309119256967,0.0,0.00242130868901,-0.00451468035453,0.00525487283836,0.00313972000467,-0.00671465352564,0.0030045090203,-0.000973236086552,0.000980873055592,-0.000993542058878,0.000975134158206,0.00660691407574,0.0,-0.000987654401273,-0.00086994350854,-0.00288878390589,-0.00103359182328,0.00390244397693,0.00716207179661,0.0,-0.00938974034984,-0.00739830748144,0.00244498899307,0.00120554565535,0.00129449856265,0.00423430413879,0.0,0.00134861787129,-0.00266311741948,0.00135409634773,0.0,0.0,0.0027285146532,0.0,0.0,0.00131319782496,-0.0012586534072,0.00123228604627,0.0012143292324,0.00121580562089,0.00228050269873,0.0012430082396
10:23:00,-0.00539084863488,-0.00128949082987,0.0,0.00584796988242,0.0036101122241,,0.0,-0.00313972000467,0.0,0.00158604315563,-0.00148478126758,-0.00149142458667,-0.00297177038916,0.0,-0.00400802139754,-0.00569802111464,-0.00329489589685,0.00319489089652,0.00309119256967,0.00159616953282,0.00482509983176,0.00338791967194,-0.00525487283836,0.00312989300893,0.000962001036191,-0.00100050033358,-0.000974184197843,0.000979911886349,-0.000994530166508,0.0,-0.00755433243178,0.0,-0.0029688294938,-0.000870700969244,-0.00289715316115,-0.00726521099141,0.00485673611295,0.00267260738148,0.0,-0.00209863665692,-0.00870111145274,0.0,0.0,0.00129282500231,0.00140745976788,0.0,0.0,0.00266311741948,0.0,-0.00133422301314,0.0,0.0,0.0,0.0,0.0,-0.00505051578607,-0.00123228604627,0.0,-0.00121580562089,0.00227531383714,-0.0012430082396
10:24:00,0.0,-0.00647251450562,0.0,0.0,0.00539084863488,,0.0,-0.0031496089029,0.0,0.00158353160564,0.0029673612278,-0.00149365225678,0.0,0.0,-0.00133958492906,0.00427655676726,-0.00662254076049,0.0,0.00308166653741,0.00318471606752,-0.0012040940648,0.0,0.00210526393546,0.0103627870355,0.00479617226349,0.0,-0.00195122013126,0.00391007340784,-0.00199203253124,0.000974184197843,-0.00284765261251,0.00282087634164,-0.00895974137147,-0.00174367960483,-0.00387597384469,0.00104112450841,0.0115608224011,-0.00803934655942,-0.000987654401273,0.00209863665692,-0.00124921940043,0.00122025640523,0.0,-0.00129282500231,0.00140548160873,-0.00139178867282,0.00134680155038,-0.00266311741948,0.00135226525001,-0.00133600554274,0.0,0.00136147059832,0.0,0.0,0.0,0.00505051578607,-0.00246913705692,0.00121285642521,0.00243013485329,-0.00113700978708,-0.00249066131245
10:25:00,-0.00216450300957,-0.00520834510714,0.0,-0.00145878946366,0.0,0.0,0.0,-0.00157853229305,0.00164880499018,-0.00316957476128,0.00148038517043,0.00447428039492,0.00148698912158,0.0,-0.00537635703638,0.0,0.00827134575068,-0.00159616953282,-0.00462606838878,0.0,0.0,-0.0011280317045,0.0,0.0010303967939,0.0,0.0,-0.000977039647827,0.0029225544426,0.000996512289739,0.0,0.00379507096855,0.00655126348722,-0.00200200267067,0.0,-0.000971345389632,-0.00104112450841,0.00286944242795,-0.00179533261867,-0.00197824001211,0.0062696130136,0.00249688019859,-0.00122025640523,0.0012040940648,-0.00259067502409,0.0,0.0,0.0026881736618,0.0,-0.00135226525001,-0.00267737777072,0.0,0.00135961951604,-0.00133958492906,-0.00261096754072,-0.00131319782496,-0.00505051578607,0.00123533060799,0.0,0.00121285642521,0.00113700978708,0.00124610608025
10:26:00,-0.00216919824755,-0.00786373646021,0.0,0.00436999967112,-0.00539084863488,,,-0.00793025567598,-0.00495459312468,-0.00317965291738,-0.00148038517043,0.00593473551981,0.0,0.0,-0.00269905696916,-0.00284900477607,0.0,-0.0015987213637,0.0,0.00158856268514,0.00240674003056,0.0011280317045,-0.00315956029037,-0.00516263407881,-0.00383509578394,-0.00200400868672,0.00292825977909,-0.000973236086552,0.0,0.0,0.000946521604031,-0.00373832211061,0.00400000533335,-0.00174672533494,-0.00584796988242,-0.00417537141048,0.0095057749997,0.00537635703638,-0.00297471711674,0.0082988028147,0.00992563979997,-0.00122174725032,0.00120264596576,-0.0012978587156,0.0,-0.0013937284486,0.00268096675326,-0.00133422301314,-0.00135409634773,0.0,-0.00133244523378,-0.00135961951604,0.00133958492906,-0.00130804466002,0.0,0.0,0.0,-0.00121285642521,-0.00121285642521,0.0,0.0024875634718
10:27:00,-0.00653597097979,-0.00395517984293,0.0,0.0,0.0,0.0,0.0,0.00159109023224,-0.00331675262599,-0.0031897953681,-0.00445435034938,0.00147819686931,0.0,0.00427046912345,0.00269905696916,-0.00285714480078,-0.00827134575068,-0.00642056780292,0.0,0.00316957476128,0.00120120134563,0.00225225320433,-0.00211193320314,0.0,0.0,0.00200400868672,0.0,-0.00194931835605,0.000995520241502,0.000973236086552,-0.00189393996007,-0.00469264117819,0.0079523281905,-0.000874508144932,-0.0039177327289,0.0,0.00566039247171,0.00445832214171,-0.00398010475663,-0.0082988028147,0.00123380644893,0.0,-0.00120264596576,0.0,0.00140350900232,0.0013937284486,0.00133779284166,0.0,0.0,0.0,0.00133244523378,0.0,0.00133779284166,0.00261438057407,-0.00131492458131,-0.00253485560319,-0.00123533060799,0.00242424361151,0.00966191091174,0.0,-0.0024875634718
10:28:00,0.00436205708017,0.00395517984293,0.0,-0.00291121020746,-0.0036101122241,,0.0,0.00475813744642,0.00331675262599,0.0,0.00148698912158,-0.00592594326755,0.00148478126758,0.00707717037409,0.0080537348071,-0.00286533147329,-0.0100167782435,-0.0129661459973,0.00308642220319,-0.00316957476128,-0.0036079413762,-0.00338028490882,-0.00105764155814,-0.00103573287353,0.00287769982762,-0.00100150233709,-0.000975134158206,0.00194931835605,0.000994530166508,0.0,-0.00189753377619,0.0102948967269,-0.00297471711674,-0.00262812240627,-0.00689318337531,0.00104547840155,0.00281822638384,0.00443853369603,-0.00399600931338,-0.00208550649102,0.00492005912545,0.0,0.0,0.0,0.00140154192529,-0.00278940208758,0.00133600554274,0.00133422301314,0.00135409634773,0.00133958492906,-0.00133244523378,-0.00408998525153,0.0,0.0,0.00131492458131,-0.00126984144048,0.0,0.0,0.00956945101615,0.0,0.0012445552322
10:29:00,0.0010875476874,0.00786373646021,0.0,0.0,0.0,0.0,,0.00158102799732,0.0,0.00478088560034,0.00148478126758,0.0,0.00148257996022,0.0,0.00533334597536,0.00429492428288,-0.00167926151972,0.00325733187031,0.00153964618559,-0.00477327875266,0.0012040940648,-0.00225988796744,-0.00105876134824,-0.00103680672844,0.0038240964384,-0.00100250634963,0.000975134158206,0.000973236086552,0.000993542058878,0.00194363520857,-0.00095011883632,-0.00186393343806,0.0,-0.00527705710084,-0.00197824001211,0.0114286958236,-0.00753299230754,0.000885347556725,-0.00200400868672,0.00208550649102,0.0,0.0,0.0,-0.00129954534209,-0.00280505092761,0.0,0.0,0.0,0.0,0.00534046663132,-0.00133422301314,0.0,0.0,0.0,-0.00131492458131,0.0,0.00123533060799,-0.0012113871863,0.0035650661645,0.0,0.00743497848752
10:30:00,0.0043384015986,0.00650620382274,0.0,0.00145666449646,0.0,0.0,,0.0,0.0033057881345,-0.00159109023224,0.00148257996022,-0.00446761725972,-0.0029673612278,-0.00141143283841,-0.00533334597536,-0.00142959280959,-0.0033670065479,-0.00325733187031,-0.00153964618559,0.0,0.00120264596576,-0.00113186203368,0.00211640290638,0.00207253960197,0.00095374351531,0.0,0.000974184197843,0.000972289818939,0.0,-0.000971345389632,0.0,0.0,-0.000993542058878,-0.00619197024792,0.00592301830312,-0.00206825306406,-0.00378788331694,-0.00177147964838,0.0,-0.00208550649102,0.00122624172324,0.00122174725032,0.0,-0.00130123635797,0.0,0.00139567363897,-0.00401338331346,0.00133244523378,0.0,0.0013306721857,-0.00133600554274,-0.00273597981887,0.0,0.0,-0.00131665588475,-0.0050955524266,0.0,-0.00121285642521,-0.0035650661645,0.0,0.00246609249519
10:31:00,0.00431966114452,-0.00650620382274,0.0,0.0,0.0,0.0,,-0.00158102799732,0.00657897109804,0.0,0.0,0.00149142458667,0.0,-0.00424629088145,-0.00267737777072,0.00285714480078,0.00504626806762,0.00974033674838,-0.00154202035182,0.00159362583528,0.00120120134563,0.00113186203368,0.0010565241342,0.0,-0.00286396377143,0.0,0.0,-0.00194552590549,0.000992555912751,0.000971345389632,-0.000951022420704,0.000932400999951,-0.000994530166508,-0.00533809096762,0.0107685817901,-0.00518942524223,0.00567645800481,0.0,-0.00402010591667,-0.00208986491946,-0.00491401480243,0.00122025640523,0.0,0.0,-0.00140548160873,0.0,-0.0013413818242,-0.00133244523378,-0.00135409634773,0.0,-0.00133779284166,0.00136892560734,-0.00267737777072,-0.00130633591406,0.0,0.0,0.00123380644893,0.00121285642521,0.00118976813559,-0.00113700978708,0.00368777307918
10:32:00,0.0,-0.00786373646021,0.0,0.00145454571099,0.0,,0.0,-0.00316957476128,0.00327332534497,0.0,-0.00148257996022,0.0,0.0,-0.00141944665423,-0.00807541400555,0.00284900477607,0.00835426746986,0.00322580924888,0.00615386557438,-0.0047885167318,0.0011997601919,0.00113058237029,0.00105540906894,0.00103466124078,0.000955566245669,-0.00100351237724,0.0,-0.000974184197843,0.000991571722295,0.0,-0.000951927725382,-0.000932400999951,-0.000995520241502,0.00799648863423,0.00775949577091,0.00311688564025,0.00751883241403,0.00265604405812,0.00301659353943,-0.0031430093972,-0.00246609249519,0.00121876919413,0.0,0.0,0.0,0.0,-0.00134318354647,0.00133244523378,-0.00135593241114,0.0,-0.00402415029973,0.00136705421153,0.00133958492906,-0.00130804466002,0.0,0.0012763243596,-0.00123380644893,0.0,0.00118835426938,-0.00227790531299,-0.00615386557438
10:33:00,0.0021528533611,0.00262812240627,0.0,0.00290275965796,0.0,,,-0.00158856268514,0.0,0.00159109023224,0.00148257996022,0.00297619267305,0.0029673612278,0.00141944665423,0.00269905696916,0.00425834568258,0.00166251077361,-0.00322580924888,-0.00307219903697,0.0047885167318,-0.0011997601919,-0.00226244440397,-0.00211193320314,-0.00103466124078,-0.000955566245669,-0.00402415029973,0.000973236086552,0.0,-0.000991571722295,-0.000971345389632,0.0,-0.00467509032899,0.000995520241502,0.00441501820912,-0.000966650631095,-0.00311688564025,-0.00751883241403,-0.00354296207634,0.00100351237724,-0.00526040139918,0.00246609249519,0.0,0.0,-0.00130293178042,0.00140548160873,0.0,0.00268456537067,-0.00133244523378,0.0,0.0,0.0,0.00136518792534,0.0,0.0,0.0,0.001274697432,-0.00123533060799,-0.00242718565761,-0.00237812240497,-0.00228310601457,-0.00743497848752
10:34:00,-0.00539084863488,0.00131147559781,0.0,0.0,0.0,0.0,,-0.00318471606752,-0.00655740054616,0.0,0.0,0.0,0.0,-0.00568991577768,-0.00269905696916,0.00141542840333,0.0,-0.00485830915108,0.00153727931889,-0.0031897953681,0.0,-0.00340329313171,0.0,-0.00207253960197,-0.0028721896241,-0.00302877566216,0.000972289818939,-0.000975134158206,0.0,0.0,-0.0038167985267,0.00560749132895,-0.00199203253124,-0.0017636688875,-0.00581960905326,-0.00104112450841,-0.000943841504706,-0.00177619940126,-0.00200803280325,0.0,0.00368777307918,0.00121728560375,-0.0012040940648,0.00130293178042,0.0,0.00278551712143,0.00133958492906,-0.00267022855588,0.0,0.0,0.00268456537067,0.0,0.0,0.00130804466002,0.00131665588475,0.0012730746468,-0.00247524878854,0.00363857284391,-0.00119118537015,-0.00343446244863,0.0012430082396
10:35:00,-0.00324851395583,0.0052287700828,0.0,0.0,0.00180668522495,,,-0.0112270625938,-0.00494642393533,0.00158856268514,0.00443459706787,0.00148478126758,0.0,0.00142551699122,0.0,-0.00567377408591,0.0,-0.00325203538638,0.00459770924863,0.0,0.0011997601919,0.0,-0.00105764155814,-0.00311688564025,0.000958313441812,-0.00202429218923,-0.000972289818939,0.00389484426154,0.000991571722295,0.0,-0.00191387618228,0.000931532438111,0.0,0.0,0.00194363520857,0.0,0.00282885620048,-0.000889284184884,0.00301053915287,0.00315956029037,-0.00862605471977,0.00243013485329,-0.00120554565535,0.00130123635797,0.00140350900232,0.00138985428905,0.00133779284166,0.0,0.0,0.00265604405812,-0.0013413818242,-0.00136518792534,0.0,0.00130633591406,0.00131492458131,-0.0012730746468,0.00123839025115,-0.0012113871863,0.0,0.0,-0.0012430082396
10:36:00,-0.00217155351351,0.00390371348047,0.0,-0.00290275965796,-0.00180668522495,0.0,,0.0,0.0,0.0,-0.00888894741725,-0.00297177038916,0.00295858203975,0.00426439878646,-0.0108696722369,-0.00713778904829,0.0,0.00487409575825,0.00152788417805,0.0,-0.0011997601919,0.00340329313171,0.0,0.00104004169541,0.0038240964384,-0.00101368483085,-0.000973236086552,-0.000972289818939,0.0,-0.00194552590549,-0.00383877630717,0.000930665492953,-0.00901358130536,0.00352423272253,-0.00194363520857,-0.00522194398115,-0.00377358938364,-0.00267260738148,0.0,0.00524385050601,-0.00496278934213,0.00121285642521,0.0,-0.00390879976505,0.00140154192529,0.0,0.00267022855588,-0.00267737777072,0.0,0.0,0.0,0.0,0.0,-0.00130633591406,0.00131319782496,0.00381437207547,0.0012368585374,0.0012113871863,0.00356930777512,0.0,0.00496278934213
10:37:00,0.0043384015986,0.00776200533549,0.0,-0.00145454571099,0.0,0.0,0.0,0.0,0.00330033302866,-0.00158856268514,0.0,-0.0059701669865,0.0,0.0,-0.00410678195265,-0.00430725719758,-0.00166251077361,0.0016194335523,0.0,-0.0015987213637,0.0,0.00451978170562,-0.00317965291738,-0.00104004169541,0.00095374351531,0.00101368483085,-0.00194931835605,0.00871676221442,0.00198019866686,-0.000974184197843,0.00479617226349,0.00278681090718,-0.0010065426114,0.0,-0.00389864041566,-0.00209643682653,-0.00283956650808,0.00356189156636,-0.00401606965489,0.00521649591889,-0.00249066131245,-0.00242718565761,-0.00120700075004,0.00520834510714,0.0,0.0,0.0,-0.00268456537067,0.0,0.00132538124107,-0.00134318354647,0.0,0.0,0.0,0.0,0.00632513177697,0.0,0.00120992150271,0.0,0.0079954737762,0.0
10:38:00,0.00108166587074,0.00898017580758,0.0,-0.00877198607284,0.0,,,0.00803217169726,0.0032894766504,-0.00159109023224,-0.00298062813814,0.00298953884837,0.0,0.0028328630843,-0.00274725447514,0.0085960414698,0.0,0.00323102058145,0.00152555330884,0.0,-0.00240384731139,0.00112676068259,-0.00425532557014,0.00104004169541,-0.00095374351531,0.00303490369515,0.000975134158206,0.00768495616938,0.0,0.0,0.00286670048208,0.0,0.0010065426114,-0.00794706169253,0.000976085973055,-0.00104986886284,-0.00379867503322,0.0,0.00501757199198,0.00415369236869,0.0,0.0,-0.00120845936157,0.00259403517705,0.0,0.00138792527485,0.0,-0.00134499011533,0.00135593241114,0.0,0.00402415029973,-0.00136705421153,0.0,0.0,0.0,-0.00379027617378,0.00123533060799,0.0,0.0,0.0,0.0
10:39:00,-0.00216450300957,0.0025510217916,0.0,-0.00146950797936,0.0,0.0,,-0.00160128136697,0.00491401480243,0.00317965291738,-0.00298953884837,0.00743497848752,0.0,0.00282486063555,0.00548698221626,-0.00715822670017,0.00828505153411,-0.00323102058145,-0.00305343748689,0.0,-0.0012040940648,-0.00112676068259,-0.00641713432063,0.00103896113242,-0.0038240964384,0.00100959120135,-0.000975134158206,0.00286670048208,0.0,0.000974184197843,0.0,0.00185356864932,0.00401606965489,-0.00533334597536,0.000975134158206,-0.00105097224598,0.00285035822436,-0.00177935990008,0.00797611407001,-0.00415369236869,0.00373366955205,0.0,0.00120845936157,0.00645580034287,0.00139958035442,-0.00138792527485,0.00133244523378,0.00134499011533,0.0,-0.00132538124107,-0.00133958492906,-0.00136892560734,0.0,-0.00130804466002,0.00131147559781,0.00252844635336,-0.00123533060799,0.0,0.0,-0.00227790531299,0.0
10:40:00,0.0,-0.0038289772371,0.0,-0.00294551022976,0.00180668522495,,,0.00638979809877,-0.00163532334073,0.00158604315563,0.0,-0.00148257996022,-0.00147819686931,0.00140944350323,0.00545703946306,-0.00287769982762,0.00657897109804,-0.00324149392417,-0.00306278953055,-0.00160128136697,0.0012040940648,0.00112676068259,-0.00214822853829,-0.00207900282783,-0.00191754612927,-0.00100959120135,-0.00488998529419,0.00285850599596,-0.00198019866686,-0.000974184197843,0.00190657827058,-0.00278164296188,0.00599402394021,-0.0017841217935,0.0019474202844,-0.00315956029037,0.00284225676893,0.000890075715193,-0.00198807222539,-0.00521649591889,0.00248139085138,-0.00121580562089,0.0,-0.00128783018443,0.00557881502704,0.0,-0.00133244523378,0.00134318354647,0.0,-0.00132714020806,-0.0013413818242,0.00136892560734,0.00133779284166,0.0,0.00130975788206,-0.00126342404677,0.00123533060799,0.0,-0.00118835426938,-0.00342661671665,0.0
10:41:00,0.00755535164445,0.00127795544549,0.0,0.0,-0.00180668522495,,0.0,-0.00159362583528,0.00163532334073,0.00316455960296,0.00298953884837,-0.0059523985273,-0.00148038517043,-0.00564973254212,0.00542742173537,-0.00288600488913,0.00163800200424,0.00324149392417,0.0,0.00160128136697,0.00240384731139,-0.00225479238709,0.00107469112977,0.00311688564025,-0.00192123017789,-0.004048588526,0.00195886448533,0.000951022420704,0.000990589481696,0.0,-0.0038167985267,-0.00185873659463,0.0,-0.00357782134788,0.00871676221442,-0.00105540906894,-0.00189393996007,0.000889284184884,-0.00698954418171,0.0,0.00123839025115,0.0,0.00120700075004,-0.00258064659349,0.0,0.00138792527485,-0.00400802139754,0.00535476513766,0.0,-0.00132890385005,-0.00134318354647,0.00273224213687,0.0,0.0,0.0,-0.00253164692178,0.0,-0.00242130868901,0.00118835426938,-0.00343839880303,-0.00247831601447
10:42:00,0.0,0.012690525644,0.0,0.00294551022976,0.0,,0.0,-0.00319489089652,-0.00327332534497,0.00315457674852,-0.00298953884837,0.0,0.0,0.0,-0.00542742173537,-0.00289435802636,0.00326797676462,0.00323102058145,0.0,0.0015987213637,0.0011997601919,0.0011280317045,0.00321716095178,-0.00207684394484,-0.000962001036191,-0.00304723445547,-0.00588814262522,-0.00190295014609,0.0,0.0,0.0,-0.000930665492953,0.00199005040801,0.00268456537067,0.00768495616938,-0.00317292704058,-0.000948316808859,-0.00267022855588,0.00100150233709,0.00313316183204,-0.00123839025115,-0.00121728560375,-0.0024154601116,0.00129115576362,0.0027777795639,0.00277008487382,-0.00133958492906,-0.0026737983844,-0.00135593241114,0.00132890385005,0.0,0.0,0.00133600554274,0.0,0.0,0.00126662461519,0.0,-0.00121285642521,-0.00118835426938,-0.00460300007196,0.0
10:43:00,0.0,0.0112853862317,0.0,-0.00738010729762,0.0,,,-0.00481155699722,0.0,-0.00157604445547,0.0,-0.00149365225678,0.0,-0.0028368813352,0.0,0.00722024797349,-0.00490597876885,0.0,0.00153256734978,-0.0015987213637,0.00119832249211,-0.0011280317045,0.00213903824875,0.00414938354681,-0.0019267828697,-0.0020366605818,0.0029484050843,-0.0038167985267,-0.000990589481696,0.0,0.0,-0.00373134761286,-0.00199005040801,0.00801072374608,0.00191204647163,0.00105876134824,-0.00285035822436,-0.0017841217935,-0.00100150233709,0.00104220957844,-0.00621506040343,0.0,0.00120845936157,-0.00129115576362,0.0,0.0,0.00133958492906,-0.00402415029973,0.0,0.00132714020806,-0.00134499011533,-0.00136518792534,0.00133422301314,0.0,0.0,-0.00126662461519,0.0,0.0,0.00118835426938,-0.00230946984866,0.00123992576332
10:44:00,-0.00323102058145,0.014851758136,0.0,-0.00743497848752,0.0,0.0,,0.0,-0.00164068945746,-0.00157853229305,-0.00751318335078,-0.00449438958784,0.00148038517043,0.00848661387732,-0.00136147059832,-0.00288184637489,0.00490597876885,0.00322061470004,-0.00153256734978,0.0,0.0,0.0011280317045,0.00320000273067,-0.00207253960197,-0.00386473910989,0.0010188487891,0.000980873055592,-0.00191387618228,-0.000991571722295,0.0,-0.000956480225957,0.00466201310581,-0.00900456309308,0.00442282897,0.00286123228103,0.00211416569234,0.0,-0.00537154380191,0.00100150233709,-0.00836824967052,0.0,0.00121728560375,0.00120700075004,0.0,-0.0027777795639,0.00414079266603,-0.00268096675326,0.00134318354647,0.0,0.00132538124107,-0.00134680155038,0.0,0.0,0.0,-0.00262123347987,0.00126662461519,0.00123380644893,0.0,-0.00118835426938,-0.00231481584845,0.0
10:45:00,0.0,-0.0173486383346,0.0,-0.0195936939004,0.0,,,0.00160642604827,0.0,0.0,-0.00605145568336,-0.00300752106396,-0.00148038517043,-0.00282087634164,-0.00136332672786,0.00431966114452,-0.00490597876885,-0.00483482005458,-0.00461184522256,0.0015987213637,-0.00480192999541,0.00337648041661,0.00106439605579,0.0,0.00193423657983,0.00305033281762,0.0,0.00191387618228,0.0,-0.00292825977909,-0.00191570939814,-0.000930665492953,-0.0040282028286,-0.00353669687834,-0.00286123228103,0.0,-0.00190476248065,-0.00630348777859,0.0,-0.00421053253634,0.00373366955205,-0.00243605479788,0.00240963972015,0.00258064659349,-0.0041811907604,0.00823049913652,-0.00134318354647,0.0,0.0,0.00132362693051,0.0,0.0,0.00133244523378,0.00130804466002,0.0,-0.00126662461519,-0.00123380644893,0.00242424361151,-0.00118976813559,0.00231481584845,-0.00123992576332
10:46:00,-0.00215982805343,-0.00375704887771,0.0,0.0,0.0,,0.0,0.0,-0.00164338574373,-0.00316455960296,-0.0030395160179,0.00150489117942,0.0,0.00141143283841,0.00272479732619,-0.00287769982762,-0.00328407520119,0.0,0.00153964618559,0.00478088560034,0.00480192999541,0.00224466985382,0.00106326432133,0.0,0.00481928643595,0.00405269045062,-0.000980873055592,-0.00383142231156,-0.000992555912751,-0.00293685967331,-0.0019193863858,0.00278940208758,0.00100857295488,-0.00177305010989,-0.00286944242795,0.00316289140851,-0.00095374351531,0.00270636159774,0.0,-0.00105540906894,0.0,0.0,0.00120264596576,-0.00128949082987,-0.00279720462106,-0.00685403642779,0.0,0.0066889881508,0.0,0.0039604012161,-0.00134861787129,-0.00136705421153,0.0,0.0,0.0,0.0,0.00123380644893,-0.0012113871863,-0.00119118537015,0.0,-0.00622279543827
10:47:00,-0.00108166587074,0.0,0.0,0.0075815374524,0.0,0.0,,0.00799364768075,-0.00164609090667,0.00316455960296,0.00455581653586,-0.00150489117942,0.00148038517043,0.0,0.00407332538764,-0.00288600488913,-0.00991743665735,0.0,0.00153727931889,-0.00478088560034,-0.00119832249211,0.00335758569485,-0.00106326432133,-0.00103788281242,0.00192123017789,0.00202020270728,0.000980873055592,0.00191754612927,0.0,0.00878482955573,-0.00384986038544,0.000928074312554,-0.00201816415624,-0.000887705340141,-0.00383877630717,0.0010520779508,0.00190657827058,0.00628650476282,-0.00100150233709,-0.00423281055262,0.00371978110253,-0.00244200365555,-0.00120264596576,0.0,-0.00140154192529,0.00137457066317,0.0,0.0,0.0,0.00656601177089,0.00134861787129,0.00136705421153,0.0,0.0,0.00131147559781,0.00126662461519,0.0,0.0012113871863,-0.00238663597773,0.00461361833351,-0.00124921940043
10:48:00,-0.00325203538638,0.00250626697606,0.0,0.00752448997862,0.0,0.0,0.0,0.00159109023224,0.00493016610786,-0.00316455960296,0.00604231445596,0.00150489117942,0.0,-0.00141143283841,0.00675222011729,-0.00144613185,0.00991743665735,0.0,0.0,-0.0015987213637,0.00239521072595,0.00334635002734,0.0,-0.00103896113242,0.00095923268746,-0.00303183658212,0.000979911886349,0.000957395956327,0.000992555912751,0.00387973328559,0.00481001408379,-0.000928074312554,0.00904983551992,0.00266075545003,-0.000962001036191,-0.00315956029037,-0.00190657827058,0.00178890924272,0.00200200267067,-0.00531633362723,-0.00371978110253,-0.00367422336188,0.0,-0.00258398076592,0.00140154192529,0.0,0.00268456537067,-0.00133422301314,0.00271002875887,-0.00393443130483,-0.00134861787129,0.00136518792534,0.0,0.00130633591406,-0.00131147559781,0.0,0.0,0.0,0.0,0.00115008638324,0.0
10:49:00,0.00108518730129,0.0,0.0,-0.00300300525977,0.0,0.0,0.0,-0.00159109023224,0.00327332534497,-0.00158604315563,0.00150489117942,0.00150262988453,-0.00296296513066,-0.00282885620048,0.0199873409246,-0.00144822617636,0.00655740054616,0.00322580924888,0.00153491971808,0.0,-0.00239521072595,0.0,0.00424629088145,0.00311365067328,-0.0019193863858,0.00101163387484,0.00293398743479,-0.000957395956327,0.0,0.0,0.0,0.000928074312554,0.00100050033358,-0.000886132091658,0.0,-0.00316957476128,-0.00191022025612,-0.0071749186723,-0.00400802139754,-0.0010666667678,0.0123458358223,0.00122624172324,-0.0012040940648,0.0,0.0,-0.00137457066317,0.00133958492906,0.0,0.0,-0.00131492458131,-0.00135043909787,0.0,0.0,0.0,0.00392927813989,0.00126502230659,0.0,0.0,0.00119402999261,-0.00345423486809,0.00124921940043
10:50:00,0.0,-0.00627748451914,0.0,-0.00301205046999,0.0,0.0,,-0.00159362583528,0.00163265342389,0.0,-0.00452148471885,0.00299850299626,-0.00297177038916,-0.00141743468097,0.0,0.00289435802636,0.00488998529419,-0.00322580924888,-0.00153491971808,0.00319489089652,0.00239521072595,0.00111296616942,0.00105876134824,0.0,-0.00096107647955,0.00302877566216,0.000976085973055,-0.00383877630717,-0.00198609797163,-0.00193798510268,-0.00192123017789,0.0,0.0,0.000886132091658,0.000962001036191,-0.00636944828548,-0.000956480225957,-0.00632056280259,-0.00705292596189,0.00532199233794,0.00489597061221,0.0,0.0012040940648,0.00258398076592,0.0,0.0,-0.00133958492906,0.0,0.0,-0.002635047638,0.00135043909787,0.0,-0.00266666824692,0.0,-0.00261780254208,0.00126342404677,-0.00123380644893,0.00241838086428,0.00238379135528,0.00115273787981,-0.00375234961855
10:51:00,0.0,-0.00758537138926,0.0,0.0,0.0,,,-0.00479617226349,0.00650408796918,0.0,-0.0075815374524,0.00298953884837,0.00148698912158,0.00141743468097,-0.00396563639335,0.00144404357223,0.00648300487808,-0.00161681522691,-0.00153727931889,-0.00319489089652,0.0,-0.00334262149669,0.0,0.00103573287353,-0.000962001036191,-0.00100857295488,-0.000976085973055,-0.00385356931599,0.0,0.000969462024548,-0.00481928643595,0.000927213789192,0.0,0.000885347556725,0.00956945101615,-0.00641027836092,0.0,0.0,-0.00202429218923,0.00845671001822,0.00243902559936,0.00244798163864,-0.00240963972015,0.0,-0.00140154192529,-0.00137646270872,0.00133958492906,-0.00133600554274,0.0,0.0,0.00134861787129,0.00136332672786,0.00133422301314,-0.00130633591406,0.0,0.00126182982042,0.00246609249519,-0.00120845936157,0.00118976813559,-0.00230680609792,-0.00376648279548
10:52:00,-0.00108518730129,0.0,0.0,-0.00150943424885,0.0,0.0,0.0,-0.00321027563025,0.0016194335523,0.00316957476128,0.0030395160179,-0.00448766646939,-0.00148698912158,-0.00568183346743,0.0144644204916,-0.00289017542223,0.00161420535454,0.0,-0.00927363678533,-0.00160128136697,0.00119545740477,0.0,-0.00317965291738,-0.00103573287353,0.000962001036191,0.00100857295488,-0.000977039647827,-0.00289995369979,-0.000994530166508,0.00483326218802,0.00289435802636,0.000926354860131,-0.00100050033358,0.00441501820912,0.00380228594974,-0.00429646203351,0.000956480225957,-0.00362976805058,0.00303490369515,-0.00316289140851,-0.00610875448832,0.0,0.00120554565535,0.0,-0.00140350900232,0.00137646270872,0.00133779284166,-0.00267737777072,0.0,0.00131839175326,-0.00269905696916,0.0,0.0,0.0,0.0,0.00126023961229,-0.00123228604627,0.0,0.00237529802891,-0.00231213975838,-0.00630916919326
10:53:00,-0.00108636621222,0.001268230988,0.0,-0.00302572091654,0.0,,,0.00321027563025,-0.00324149392417,0.00158102799732,0.00151630051796,0.00149812762102,0.00148698912158,0.00284495213223,-0.00261438057407,0.00289017542223,0.00643089033029,0.00161681522691,0.00310077767825,-0.00321027563025,-0.00119545740477,0.0,0.0,0.0,0.00096107647955,-0.00606675268224,-0.000977995187977,0.000967585948736,-0.000995520241502,-0.000964785410099,0.00192492840958,-0.000926354860131,0.00200000066667,0.00176056383503,-0.00380228594974,0.00107584733346,0.00571974867279,0.00543972329582,0.0100503358535,-0.00741921792203,0.00488998529419,0.00244200365555,-0.00241254640538,0.00128949082987,0.00140350900232,0.0,0.00267022855588,0.00133958492906,-0.00135409634773,-0.00131839175326,-0.00270636159774,0.0,0.0,-0.00130804466002,0.0,0.0012586534072,0.00123228604627,-0.00120992150271,-0.00237529802891,-0.00115807772063,0.00882173332915
10:54:00,-0.0021762794226,0.00126662461519,0.0,-0.00760459938522,0.0,0.0,,0.0,0.00324149392417,0.00315457674852,0.00151400483122,0.0,0.0029673612278,0.00848661387732,-0.0118500399175,-0.00144404357223,0.00479617226349,0.00161420535454,0.00617285910708,0.0,0.00238948739738,0.0,-0.00212539931231,-0.00103680672844,-0.00192307751574,0.0,-0.000978952598984,0.00578593706704,0.00199005040801,-0.000965717119959,0.00192123017789,-0.000927213789192,0.00299252093645,-0.00529101763442,-0.0038167985267,0.00749869609112,0.00379507096855,0.000903750626357,-0.00400802139754,-0.00747467441671,0.00121876919413,-0.00244200365555,-0.00120845936157,0.00257400399517,-0.00280899061106,0.0,-0.00267022855588,-0.00268096675326,0.0,-0.00132013220492,-0.00135593241114,-0.00136332672786,0.0,0.0,0.00130975788206,-0.0012586534072,0.00368777307918,0.0,0.00118835426938,0.00115807772063,0.00375704887771
10:55:00,-0.00436681916634,0.0,0.0,0.00152555330884,0.0,,0.0,0.00320000273067,0.0,0.0,-0.00303030534918,-0.00149812762102,-0.00148257996022,-0.00564973254212,0.00132362693051,-0.00144613185,-0.00479617226349,0.00161160389434,-0.00153964618559,0.00321027563025,0.0,0.0,-0.00426439878646,0.0,-0.0019267828697,-0.00203045755038,-0.000979911886349,-0.000962001036191,0.000993542058878,0.00289435802636,0.0028749420856,0.0,-0.000996512289739,-0.00354296207634,0.00571974867279,0.00319659302563,0.0028368813352,0.00270636159774,-0.00100452042601,-0.00645163528149,0.00607166406855,0.00122174725032,0.0,0.00128452169236,0.0,-0.00137646270872,0.00133600554274,-0.00134318354647,0.0,0.00132013220492,0.00135593241114,-0.00136518792534,0.00133244523378,0.0,-0.00130975788206,0.0012586534072,0.0,0.0,0.00118694375953,-0.00930239266231,0.00374298627883
10:56:00,0.00218579321998,0.0125787822069,0.0,0.00607904607638,0.0,0.0,,-0.00963089306096,0.00161681522691,0.00157356444743,-0.00151860317719,-0.00300300525977,-0.00297177038916,0.00141542840333,0.0,0.0,-0.00160384958197,-0.00484262447579,0.00153964618559,0.0,0.00238379135528,-0.00111669470007,0.0,0.00517331728022,0.0019267828697,0.0,-0.00196270916785,-0.0028915682798,-0.000993542058878,0.000962927373394,0.0,-0.000928074312554,0.00298656269775,-0.00266548358614,0.00474159257258,-0.00106439605579,-0.00378429969124,-0.00270636159774,-0.00100553050202,-0.00757989552277,0.0,0.00122025640523,-0.00120992150271,0.00639797447966,0.00280899061106,0.00275103337189,-0.00133600554274,0.0,0.00135409634773,0.00131839175326,0.0,-0.00136705421153,0.0013306721857,0.00391901220074,0.00261780254208,0.0,0.0,0.0,0.0011855365941,0.00466201310581,-0.00374298627883
10:57:00,0.00326975768156,0.0074720148387,0.0,0.00151400483122,0.0,,,0.0,0.00322580924888,-0.00157356444743,-0.00456969569007,-0.00301205046999,0.0,0.0,-0.00264900817158,0.00144613185,0.00958473791299,0.00161681522691,-0.00153964618559,0.0,0.0047506027586,0.0,0.00320000273067,0.0,-0.0019267828697,0.0,0.000981836112257,-0.000965717119959,-0.000994530166508,0.00575817329968,0.0,-0.00185873659463,0.00396825917562,0.000889284184884,0.00283420123588,0.00106439605579,-0.0085674012853,0.00270636159774,-0.0020140993717,-0.0021762794226,-0.00242424361151,-0.00122025640523,0.00120992150271,-0.00639797447966,-0.00421645037893,0.00137268381197,0.00133600554274,-0.00269179166571,0.00135226525001,0.00131665588475,-0.00135593241114,0.00136705421153,0.0,0.00130293178042,0.00130633591406,0.0,-0.00122774723832,0.0,0.00118413276122,0.00232288141614,0.0
10:58:00,-0.0010887317352,-0.00248447332766,0.0,-0.00151400483122,0.0,,0.0,-0.00323102058145,0.0112090845347,-0.00157604445547,-0.00766287274557,0.0,0.0,0.00141342779715,-0.00665338449074,0.0,0.00158856268514,0.0,0.00153964618559,0.0,0.00236686501027,-0.00223713739836,0.00106439605579,-0.00413651055178,0.0019267828697,0.00203045755038,-0.000981836112257,-0.00193423657983,0.0,0.00191204647163,-0.0028749420856,0.000929800159967,-0.00198216120399,-0.00177935990008,0.00470589103741,-0.00106439605579,-0.00191387618228,0.00180018050415,0.0020140993717,0.0010887317352,-0.0060864460564,0.0,0.00120845936157,0.0,0.0,0.0,-0.00133600554274,0.0,0.00135043909787,0.00393959800408,0.00271002875887,0.0,0.00132890385005,0.0,-0.00261438057407,-0.0012586534072,0.0,0.00120992150271,0.00118273224905,-0.00581735206591,0.00124921940043
10:59:00,0.0021762794226,-0.00498754151104,0.0,-0.00303490369515,0.0,,,-0.00324149392417,0.00476569607301,0.00472070113494,-0.00153964618559,0.00150715929057,-0.00148920355147,-0.00141342779715,0.0,0.00144404357223,0.0110498361866,-0.00161681522691,0.00613498856752,-0.00160384958197,0.00118133504583,0.00335383209843,-0.00426439878646,-0.00103680672844,0.00192307751574,0.00101368483085,-0.000982801061908,-0.00290838789596,-0.00199203253124,-0.00191204647163,-0.000960153698343,0.0,-0.00198609797163,0.0,-0.00470589103741,-0.00641027836092,-0.00576370471675,-0.0036036075033,-0.0020140993717,0.0183293541219,-0.00122174725032,-0.00122174725032,-0.00120845936157,-0.00128452169236,-0.00140944350323,0.00137080213378,-0.00267737777072,0.0,0.0,0.00130975788206,0.00135226525001,0.0027285146532,0.0,0.0051948168771,-0.00130975788206,0.0,-0.00122925645473,0.0,-0.00118273224905,-0.00702579002441,-0.00250000130208
11:00:00,0.00542006746934,-0.0062696130136,0.0,-0.00456969569007,0.0,,0.0,-0.00325203538638,-0.00795549144111,-0.00629923342799,0.0,0.00300752106396,0.00148920355147,0.0,0.00665338449074,-0.0043384015986,0.00469852078155,-0.00324149392417,0.0,-0.00160642604827,-0.00236406729488,0.00334262149669,-0.00535619920052,0.00103680672844,0.000960153698343,0.00202429218923,0.0,0.00193986481783,0.00199203253124,-0.000957395956327,-0.00868312257346,0.00185701074721,-0.00398406901487,0.00444247731956,-0.000943841504706,-0.00322061470004,-0.000963855496307,-0.00724640852077,0.0010075567603,0.00213447252863,-0.00613122705494,0.0,-0.00120992150271,0.00256739550525,0.00140944350323,-0.00274348594575,0.0,0.00269179166571,-0.00135043909787,-0.00524935588614,0.0,0.0,-0.00132890385005,-0.00259403517705,0.00130975788206,0.0012586534072,0.00122925645473,-0.00120992150271,0.0,-0.00235294226203,0.00125078190165
11:01:00,-0.00542006746934,0.00251256413588,0.0,-0.0045906737086,0.0,,0.0,-0.00326264563482,0.00159616953282,-0.00316455960296,0.00153964618559,-0.00602411460338,-0.00148920355147,0.00141342779715,0.00264900817158,0.00144822617636,-0.0125787822069,0.00162206037187,-0.00306278953055,0.00321027563025,-0.00236966935532,-0.00111296616942,-0.00215053846323,-0.00103680672844,0.0028749420856,0.00202020270728,0.0,0.00676004505772,0.0,-0.000958313441812,-0.0038835000264,0.00370370793748,-0.00199800266267,0.00177147964838,-0.00378429969124,-0.00431035150112,0.00576924677125,-0.00729930248161,-0.00403633242246,-0.0193762789631,0.00613122705494,0.00244200365555,-0.0012113871863,0.0,0.0,-0.00137457066317,-0.00268456537067,-0.00269179166571,0.0,0.0,0.0,0.00272109011436,0.0,0.0012978587156,-0.00130975788206,0.00251256413588,0.00245398896157,0.0,0.00118273224905,-0.00117855051944,0.00249688019859
11:02:00,-0.0010875476874,0.00750003515655,0.0,0.0,,,,0.00488998529419,-0.00319489089652,0.00158353160564,-0.00462606838878,0.00150943424885,0.0,0.00141143283841,0.00132187725792,0.00433213673913,-0.0143428753594,0.0016194335523,-0.00153491971808,-0.00160384958197,0.0,0.0,-0.00431500130141,-0.00103788281242,-0.00191570939814,-0.00100959120135,-0.000983767910133,0.000962001036191,0.00198807222539,0.00191570939814,-0.00781253973679,0.00276880656813,0.0,0.00353357258131,-0.0047506027586,-0.0163313373862,0.00191570939814,0.00911583340801,-0.00303797702008,0.0,0.00244200365555,-0.00122025640523,0.0012113871863,-0.00256739550525,0.0,0.0,0.0,0.00134680155038,0.00135043909787,0.0,0.00135043909787,0.0027137058716,0.0,0.0,0.0,0.0,-0.00122624172324,0.00120992150271,0.00353982670512,0.00117855051944,-0.00249688019859
11:03:00,0.00217391389962,0.00991334016865,0.0,-0.00461184522256,0.0,,0.0,0.00486618965117,-0.00320513094895,0.00158102799732,-0.00309597770513,0.0,0.0,0.00140944350323,0.0,0.0157258423055,-0.00482704074832,0.00161681522691,-0.00461894585629,0.00320513094895,-0.00118694375953,-0.00222965532727,-0.00759634689194,0.0,0.0,0.00201816415624,0.0,0.00192123017789,0.00198412763505,0.00286670048208,-0.00196270916785,0.00459770924863,-0.00100050033358,-0.00353357258131,0.0,-0.00329851865866,-0.00383509578394,0.00271862423899,-0.00304723445547,0.0,-0.00611622701744,-0.00244498899307,-0.00363857284391,-0.00128617381074,0.00281294137661,-0.00137646270872,-0.00134499011533,0.0,-0.00135043909787,0.0,0.0,0.00135409634773,0.0,-0.0012978587156,-0.00131147559781,-0.00125549294583,-0.00245700369305,-0.00120992150271,0.00235294226203,0.00235294226203,-0.00125078190165
11:04:00,-0.00108636621222,0.00614630084869,0.0,-0.0233837622669,0.0,,,0.00323102058145,-0.00160642604827,0.00157853229305,-0.00310559255815,0.00150715929057,0.00148920355147,0.00140745976788,-0.00264550418842,0.0,0.00161160389434,0.00161420535454,0.0,0.0015987213637,0.00237248035363,0.00111544908387,-0.00546151002552,0.0,-0.00673403218134,0.00703167136368,-0.0019704439873,-0.00674051661384,-0.000991571722295,-0.00191022025612,0.00685269446204,0.00183318108166,0.00100050033358,0.00529568757471,0.00380228594974,-0.00220507255831,0.0047915760099,-0.00635499188238,-0.00407747761666,-0.0010875476874,0.00367422336188,0.00244498899307,-0.00243309122464,0.00513479947204,0.00140350900232,-0.00137835997012,0.00134499011533,0.00134499011533,0.0,-0.00131665588475,0.0,0.0,0.0,0.0,0.0,0.0,-0.00123076938613,0.00120992150271,0.00585824756837,0.00117439825594,0.0
11:05:00,0.0,0.0,0.0,0.00157604445547,0.0,,0.0,0.00322061470004,0.00321027563025,0.0,0.0108276386521,-0.00150715929057,-0.00148920355147,-0.00281690327111,-0.00132538124107,0.00141743468097,0.00481928643595,0.00161160389434,0.0,-0.0015987213637,-0.0011855365941,-0.00111544908387,-0.00329128108407,-0.00103896113242,0.0028915682798,0.00499252160312,-0.00395257431582,0.00193050253006,0.000991571722295,-0.0047915760099,0.006806054469,-0.00275103337189,0.00199800266267,-0.000880669365594,0.00378788331694,0.0142468163127,-0.00191387618228,0.00181983671699,-0.00512033888798,0.0,-0.00490197060021,-0.00122174725032,-0.00243902559936,-0.00513479947204,0.0,-0.00138026246896,0.00134318354647,-0.00134499011533,0.0,0.0,0.00269541942167,0.00135226525001,-0.00266311741948,0.0012978587156,0.0,0.00125549294583,0.0,0.0,0.00233372334622,-0.00235017734495,-0.00125234831647
11:06:00,0.0043384015986,0.0012247398959,0.0,0.00627945548484,0.0,,,-0.00322061470004,0.0,-0.00315956029037,0.0107116555949,0.00301205046999,-0.00298507684345,0.0,-0.0053191614776,0.0,0.00956945101615,0.00481928643595,-0.00154440185137,-0.00160128136697,-0.00118694375953,-0.00223463780142,-0.00109950533342,-0.00104004169541,0.0,-0.00299252093645,-0.00496278934213,-0.000964785410099,-0.00198412763505,0.0019193863858,0.00290275965796,-0.00275862243908,0.0,0.0,-0.00189214815204,0.00650761515674,-0.00191754612927,0.00453515516539,-0.0020554991821,-0.0186716022931,0.0,0.00122174725032,-0.00122174725032,0.00385356931599,0.0,-0.00138217022695,0.0,0.00134499011533,0.0,0.00131665588475,-0.00134680155038,0.0,-0.00133422301314,-0.0012978587156,0.0,-0.00125549294583,0.0,-0.00120992150271,0.00116482249629,0.00117577908901,0.00250313021812
11:07:00,0.0,-0.00984017780151,0.0,0.0139862419747,0.0,,0.0,-0.00161420535454,-0.00160384958197,0.00158102799732,0.0,0.0,0.0,0.00140944350323,0.00399202126954,-0.0028368813352,0.0110498361866,0.00320000273067,0.0,0.0,0.00118694375953,0.0,0.00548547727667,0.00104004169541,-0.0019267828697,-0.00300150300376,0.00397219986043,0.0,0.0,0.0,0.000965717119959,-0.00369004108745,-0.00099850232959,0.0,0.00848661387732,-0.00542006746934,0.0028749420856,0.00451468035453,-0.00205973296301,-0.00221975673831,-0.00122925645473,-0.00244498899307,-0.00244798163864,-0.00128287381289,0.00280112227971,0.00138217022695,0.0,0.00134318354647,0.0,0.0,0.0,-0.00135226525001,0.00266666824692,-0.00129954534209,0.00131147559781,0.00125549294583,0.00123076938613,0.0,-0.00116482249629,0.0023474189183,0.0
11:08:00,-0.00108283713883,-0.0124379712922,0.0,0.00461894585629,0.0,0.0,,0.00322580924888,-0.00160642604827,0.0,-0.00304878284936,0.0,-0.00449438958784,0.00140745976788,0.0,-0.00712761392423,-0.0110498361866,-0.00320000273067,0.00154440185137,-0.00160384958197,-0.0035650661645,-0.00111919429702,0.0097986630487,-0.00104004169541,0.00288878390589,-0.00200601872687,-0.000991571722295,-0.00193236775105,-0.000993542058878,0.0,0.000964785410099,0.00276880656813,0.00398804117796,0.000880669365594,-0.00187969980158,-0.00326619778662,-0.00383509578394,0.00449438958784,-0.00516797015844,0.00443459706787,0.00490798531219,0.0,0.00244798163864,-0.00128452169236,-0.00420463128203,0.0,0.0013413818242,-0.0026881736618,0.0,-0.00131665588475,-0.00134861787129,-0.00542742173537,-0.00133244523378,0.0,0.00130975788206,-0.00377121754308,0.00122925645473,0.00120992150271,-0.00584455199628,0.00817284175587,-0.00125078190165
11:09:00,-0.00216919824755,-0.00250626697606,0.0,-0.00307692550448,0.0,,0.0,-0.00484262447579,0.0,0.00315457674852,-0.00152788417805,0.0,-0.00150262988453,0.00140548160873,0.00925320548048,-0.00143163947144,-0.00636944828548,-0.00321027563025,0.00308166653741,0.0,0.0035650661645,0.0,0.00540249828335,0.00415369236869,-0.00192492840958,-0.00301659353943,0.00198216120399,-0.00387597384469,0.000993542058878,0.0028721896241,-0.000964785410099,0.000921234519321,0.00198807222539,0.00263736416609,0.000940291559642,0.0,-0.00384986038544,0.000896459047037,0.00310398593759,0.0164567619635,0.00122324174274,0.0,0.0,0.00256739550525,-0.00140548160873,0.00138026246896,0.00133958492906,0.0,0.0,-0.00131839175326,-0.00135043909787,0.00407332538764,0.0,-0.00130123635797,-0.00130975788206,-0.00126023961229,0.00122774723832,0.00120845936157,0.00117164629689,0.0046403795565,0.00250000130208
11:10:00,0.00216919824755,0.00375704887771,0.0,-0.0124032597834,0.0,,,-0.0016194335523,-0.0016090108057,-0.00157604445547,0.0,0.00150262988453,0.00300300525977,0.00140350900232,0.0,0.00286123228103,-0.00963089306096,0.00160642604827,0.00307219903697,-0.00160642604827,0.0011855365941,0.0,0.00751479650249,-0.00103680672844,-0.00192864090641,0.0010065426114,0.00395257431582,-0.000971345389632,-0.00198807222539,0.0,-0.000965717119959,0.000920386627329,0.0108643043919,0.00525395254116,-0.00188146809971,-0.00546748218213,-0.00386473910989,-0.00449035330163,0.00925456476621,-0.00874322509573,0.00122174725032,0.0,-0.00122324174274,0.0,-0.00140745976788,0.00137835997012,-0.00268096675326,0.0,0.00135043909787,0.0,0.0,0.00405680069561,0.00266311741948,0.00130123635797,0.00130975788206,-0.00126182982042,0.0,0.0,0.00233918235317,-0.00813485020628,0.0049813303502
11:11:00,-0.00108401094626,0.0,0.0,0.0124032597834,0.0,,0.0,-0.00162206037187,-0.00322580924888,-0.00157853229305,0.00152788417805,0.00150037537523,0.00448766646939,-0.00140350900232,-0.00792606527242,0.00285306898241,-0.00485045413375,-0.00482704074832,0.0,0.0,0.0,-0.00224215340569,0.00426894991958,0.00103680672844,-0.00677968698538,0.0,0.00393701295934,-0.00291971010333,0.00198807222539,-0.00191387618228,-0.00193423657983,0.00550460105533,-0.00492369286178,0.000872981286345,-0.00377358938364,-0.00770504637441,-0.00387973328559,0.00449035330163,-0.00719058054535,0.00765449336053,0.004872116824,-0.0012247398959,0.00244498899307,-0.00256739550525,0.00281294137661,0.0,0.0,0.0,0.0,-0.010610179112,0.0,0.00134861787129,-0.0013306721857,-0.00130123635797,0.00130804466002,-0.00126342404677,0.0,0.0,0.00233372334622,-0.00233644966102,-0.0012430082396
11:12:00,-0.00108518730129,-0.00250313021812,0.0,-0.0265433225572,0.0,0.0,,-0.001624695727,0.00161420535454,-0.00316455960296,0.0,0.00149812762102,-0.00298953884837,0.0,0.00132538124107,-0.00285306898241,0.00323624877921,0.00643089033029,-0.00461184522256,0.0,0.00118413276122,0.0,-0.00963089306096,0.0,-0.00780491766938,-0.0020140993717,-0.000982801061908,-0.00195122013126,-0.000993542058878,-0.000958313441812,0.00193423657983,0.00182815407406,-0.000987654401273,-0.000872981286345,-0.00189214815204,-0.00221239028294,0.000971345389632,-0.00719427563403,-0.00206398422085,-0.00108991836403,0.00242718565761,0.00244798163864,-0.00122174725032,0.0,0.0,0.00137646270872,0.00401875959492,-0.00539812376956,0.0,0.00796816964918,-0.00135226525001,0.00134680155038,0.0013306721857,0.0,0.0,0.00378549347948,0.0,0.00120700075004,-0.00233372334622,0.00116890720498,-0.0012445552322
11:13:00,-0.00108636621222,-0.00376648279548,0.00147167061146,-0.0305244582106,0.0,,0.0,-0.00162733965938,-0.00161420535454,-0.00158604315563,-0.00152788417805,0.0,-0.00299850299626,-0.00281294137661,-0.00132538124107,-0.00286123228103,0.0,-0.00160384958197,-0.00154202035182,0.00160642604827,0.0,-0.00112296474462,-0.00863936259071,-0.00311365067328,-0.00589392668878,-0.00201816415624,-0.00394089179988,0.00292540432911,0.000993542058878,0.0,0.00289435802636,0.0,0.00296004162848,-0.000873744048597,-0.00569802111464,-0.00555248511479,0.00484262447579,0.00180342699915,0.00309438101475,0.00326619778662,0.00965025583216,0.00122174725032,0.0,0.00256739550525,0.00280505092761,0.00137457066317,-0.00401875959492,-0.00135409634773,0.0,-0.00796816964918,0.00405132221918,0.0,0.0,0.00260078170006,0.0,-0.00252206943271,0.00122624172324,0.0,0.00116754245604,0.0,0.0012445552322
11:14:00,0.00325556445977,-0.0012586534072,0.0,0.00325733187031,0.0,0.0,0.0,0.00162733965938,0.0,0.0,-0.00153022218077,0.0,0.0,0.00140745976788,0.00529101763442,-0.00143369200185,-0.00161681522691,-0.00160642604827,0.0,-0.00160642604827,-0.00118413276122,-0.0045045121211,-0.00217155351351,-0.00208116620382,0.00295130563458,0.00201816415624,-0.000987654401273,0.00194552590549,-0.00198807222539,0.000958313441812,0.0,-0.000913659268674,0.00098473666254,-0.0035026305512,-0.00477327875266,0.00444445176042,0.00481928643595,-0.000901306956013,-0.0010303967939,0.00542006746934,-0.00120120134563,0.00243902559936,0.00244200365555,0.00128123015605,0.0,-0.00275103337189,0.0,0.0,-0.00135043909787,0.0053191614776,0.0,-0.00269541942167,0.0,-0.00129954534209,0.0,0.00126182982042,-0.00122624172324,0.00120554565535,-0.00233644966102,-0.00233918235317,-0.0012445552322
11:15:00,-0.00325556445977,0.00752826642079,-0.00147167061146,0.0,0.0,,0.0,0.00486618965117,0.0,0.0,-0.00306748706786,0.00149588659158,0.0,-0.00422833610952,-0.00264200946284,-0.00431345025372,-0.00649352931055,0.00321027563025,-0.00154440185137,0.0,0.0,-0.00112930559715,0.00973506877075,-0.00522194398115,0.00685269446204,0.00301962987372,0.00394477829102,0.0,-0.00298953884837,0.0,0.000962927373394,-0.00549955556604,-0.00592301830312,0.00175284882741,-0.000957395956327,0.0143095452129,0.00096107647955,0.0,-0.00413223728491,-0.00433370125712,0.0,0.00728158557126,-0.00611622701744,0.0,0.00139958035442,-0.00275862243908,0.0,0.00135409634773,0.0,0.0,-0.00269905696916,-0.00135043909787,0.00132890385005,0.0,0.0,0.0,0.00122624172324,0.0,-0.00351494210744,0.00117027514819,-0.00124610608025
11:16:00,0.0,-0.00250313021812,0.00147167061146,0.0161293819299,0.0,0.0,,0.00323102058145,0.00483482005458,0.00158604315563,-0.00461894585629,0.00149365225678,0.0,-0.00566573753568,-0.00132362693051,-0.00288600488913,-0.00162999221093,0.00160128136697,-0.00309597770513,0.0,-0.00237248035363,0.00112930559715,-0.00864870255853,-0.00314630568937,0.00194931835605,0.00100452042601,0.0029484050843,0.00291121020746,0.00199401860686,0.0,0.000962001036191,0.0018365478073,-0.00496278934213,0.000875273578855,0.0,-0.00547946576463,0.0,0.00718781171883,-0.00623054975064,-0.00872415566034,-0.00240674003056,0.00120845936157,-0.00122774723832,-0.00128123015605,-0.00280112227971,0.00138026246896,-0.00134318354647,0.00135226525001,0.00135043909787,-0.0053191614776,-0.00135226525001,0.0,0.0,-0.00260416813839,-0.00130804466002,0.00126023961229,-0.00122624172324,0.0,-0.00117439825594,0.0,0.00249066131245
11:17:00,-0.0021762794226,-0.0126105075919,0.0058651194524,-0.0177567215893,0.0,0.0,0.0,0.00322061470004,-0.00322061470004,-0.00158604315563,-0.00154440185137,0.0,0.00449438958784,0.00141944665423,0.0,0.00144404357223,0.0,0.00319489089652,0.00309597770513,0.0,-0.00237812240497,0.0,0.00108518730129,-0.00210305019678,0.0,-0.00100452042601,-0.000981836112257,0.0,0.000995520241502,0.0,0.00192123017789,0.00274851295335,-0.00199203253124,0.000874508144932,-0.000958313441812,0.00109829774906,0.0,-0.000895656127944,0.0,-0.00439078641749,0.00959239969144,0.0,-0.00246002584086,0.0,0.00140154192529,0.0,0.00134318354647,0.0,0.00134861787129,0.0,0.0,0.0,0.0,0.0,0.0,-0.00126023961229,0.0,0.0,-0.00117577908901,0.00116890720498,0.0012430082396
11:18:00,-0.00218102594636,-0.00381437207547,-0.00439561147304,0.00649352931055,0.0,0.0,,0.0,0.0,-0.00317965291738,-0.00309597770513,-0.00298953884837,0.0,-0.0028409110016,0.0,0.00575541157062,0.00325733187031,-0.00159616953282,0.00154440185137,0.00160642604827,0.0,-0.00112930559715,-0.00108518730129,0.0,0.00194552590549,0.00100452042601,0.0,-0.00193986481783,-0.00298953884837,-0.00191754612927,0.00191754612927,0.00365297209869,0.00199203253124,0.0,-0.00384246390154,0.0,-0.00096107647955,-0.000896459047037,-0.00836824967052,-0.00110071557619,0.0118625353098,-0.00241838086428,-0.00123228604627,-0.00128287381289,-0.00140154192529,0.00275482267884,0.0,0.0,0.00134680155038,0.0,-0.00135409634773,-0.00135226525001,-0.00132890385005,0.00130293178042,0.0,0.0,0.0,0.0012040940648,-0.00353565483231,0.00116754245604,0.00248139085138
11:19:00,-0.00657176516323,-0.00767267191166,0.00146735169395,0.00323102058145,0.0,,0.0,-0.00645163528149,-0.00161420535454,0.00159109023224,-0.00155159069142,0.0,0.00149365225678,-0.00142348778485,0.0,-0.00287356519573,0.001624695727,-0.0015987213637,0.00154202035182,0.00480385231265,-0.00238379135528,0.00225733730165,-0.00326264563482,0.00210305019678,-0.0048709302346,0.00200601872687,-0.00591134726306,-0.00194363520857,0.000997506317125,0.0,0.000957395956327,0.00182149412839,0.0,0.0,-0.0019267828697,-0.00882034384297,0.0,-0.00269420908369,0.00314630568937,-0.00773912099296,0.00587891169978,-0.0012113871863,-0.00123380644893,-0.0025706955031,-0.00140350900232,-0.00137646270872,-0.0026881736618,0.00135043909787,0.0,-0.00133422301314,0.00405680069561,-0.00135409634773,0.00132890385005,-0.00130293178042,-0.00130975788206,-0.00252525386719,0.0,0.0,0.00235849165929,-0.00116754245604,0.0
11:20:00,-0.00661523911872,0.00128287381289,0.00438918041876,0.00803217169726,0.0,0.0,0.0,0.00323102058145,-0.00323624877921,-0.00159109023224,-0.00311042241439,0.0,0.0,-0.00142551699122,0.0,0.0,-0.00815000436192,0.0,-0.00308642220319,0.0031897953681,0.00119260598512,0.00112676068259,0.00326264563482,0.00628274317949,-0.00489477237673,-0.00100250634963,0.0,-0.000973236086552,-0.000997506317125,-0.000960153698343,-0.000957395956327,0.0153501885376,0.000994530166508,0.0,0.0019267828697,-0.00110803335436,0.00096107647955,-0.000899685170898,0.0,0.00110926245429,0.0116551435917,0.0012113871863,-0.00247218914539,0.0,0.0,0.0,0.00536914041506,0.0,0.0,0.00133422301314,0.0,0.0,0.0,-0.00130463162666,0.0,0.00126342404677,0.00122624172324,-0.0012040940648,0.00117716317301,0.0,-0.00123992576332
11:21:00,0.00661523911872,0.00383877630717,0.00291545396012,0.0015987213637,0.0,,,-0.00323102058145,0.0,-0.00159362583528,-0.00155884676929,0.0,-0.00298953884837,0.00142551699122,0.00132362693051,-0.00143988505799,-0.00821697310228,-0.00160128136697,-0.00309597770513,0.0,0.00238095350574,0.00224971973402,0.0,0.00208550649102,0.000980873055592,-0.00100351237724,0.000987654401273,0.000973236086552,-0.00099850232959,-0.00096107647955,-0.00287769982762,0.0151181180868,0.000993542058878,-0.0035026305512,0.00192307751574,-0.003331485591,-0.00096107647955,-0.00090049533325,-0.00735683822571,0.00662985853867,0.00922728576907,-0.0012113871863,-0.00371978110253,0.0025706955031,0.00140350900232,0.0,-0.00133958492906,0.00134861787129,-0.00134680155038,0.00133244523378,0.0,0.0,-0.00132890385005,0.0,0.0,0.00126182982042,-0.00122624172324,0.0012040940648,0.00469484430421,-0.00116890720498,0.0
11:22:00,0.00547946576463,0.00636539386708,0.00435730536896,0.0,0.0,,0.0,0.00161681522691,0.0,-0.00479617226349,0.00777004686193,0.0,0.0,0.00142348778485,-0.00132362693051,0.00143988505799,-0.00662254076049,0.00160128136697,0.00154918698683,0.0,0.00118835426938,-0.00224971973402,0.00433370125712,0.0,0.0,0.0,0.0019723872272,-0.0029225544426,-0.00200000066667,-0.00192492840958,-0.00096107647955,-0.00708594638949,0.00198412763505,0.00175284882741,0.0047915760099,0.003331485591,-0.000962001036191,0.00180018050415,0.0,-0.00110192848616,-0.0127095876049,0.0,0.00495663963993,-0.0025706955031,-0.00140350900232,-0.00275862243908,0.0,0.00403497521218,0.0,0.0,0.0,0.0,0.00132890385005,0.0,0.00130975788206,0.0,0.0,-0.0012040940648,0.0,0.00116890720498,0.00123992576332
11:23:00,-0.00328407520119,0.0126105075919,0.0115275051711,-0.0015987213637,0.0,,,0.00161420535454,-0.00162206037187,0.00160128136697,0.0015467907183,0.00149588659158,0.0,0.0028409110016,0.00264550418842,0.0,0.0115608224011,-0.00320513094895,0.0015467907183,-0.00159362583528,0.00118694375953,-0.00451468035453,0.00215982805343,-0.00104220957844,-0.000980873055592,0.0,-0.000985707324759,-0.000976085973055,0.00200000066667,-0.00192864090641,0.00096107647955,-0.00713651556932,0.0029688294938,0.00174978172379,-0.00671465352564,0.0,-0.000962927373394,0.000898876465017,0.00210748233956,-0.00552793005251,-0.00817284175587,0.00242130868901,0.00123533060799,0.0,0.0,0.00275862243908,0.00133958492906,-0.00134318354647,-0.00134861787129,-0.00133244523378,0.00134861787129,0.0,-0.00265957603576,-0.00130633591406,0.0,0.00251889301948,0.00122624172324,0.0,-0.00469484430421,0.00116754245604,-0.00248139085138
11:24:00,0.0,-0.00125391865959,0.00143163947144,0.0015987213637,0.0,,,0.00161160389434,-0.00488202759731,0.00637960696404,0.00462606838878,0.00447428039492,0.0,0.0,0.00132013220492,-0.00143988505799,0.00654666822631,-0.00160642604827,0.00154440185137,0.0,0.0011855365941,-0.00453515516539,-0.00107933091968,-0.00417973440271,-0.00196463717416,0.00100351237724,0.0,0.000976085973055,-0.000999500333083,-0.000965717119959,0.0,-0.00448632425867,0.0,0.0,0.00957861729707,0.00442478598036,-0.00192864090641,-0.000898876465017,0.0,0.00110803335436,0.0046783711061,0.0024154601116,0.0,-0.00128783018443,0.0,-0.00275862243908,0.0,-0.00269179166571,0.0,0.0,0.0,0.00135409634773,0.0013306721857,0.0,-0.00130975788206,0.0,-0.00122624172324,0.0,0.0,-0.00116754245604,-0.0012430082396
11:25:00,-0.00109709281437,-0.00882173332915,-0.00717878172701,0.00636944828548,0.0,,0.0,0.0,0.0,0.00158856268514,-0.00772204609391,-0.00148920355147,-0.00299850299626,0.0,0.0,0.0,0.00325733187031,0.00160642604827,0.00308166653741,-0.00159616953282,0.0,-0.00569802111464,-0.00108049713375,-0.00524935588614,-0.000983767910133,0.00100250634963,-0.000986679902445,0.00194931835605,0.0,-0.00290275965796,-0.00096107647955,0.0107335556431,-0.00098863082694,0.000873744048597,-0.00861661626088,0.00550359121698,-0.00289995369979,-0.000899685170898,0.0,-0.00332779009267,0.0,0.00120554565535,0.0,0.0,-0.00140548160873,0.0,-0.00268096675326,0.00134680155038,0.00134861787129,0.00399202126954,0.0,-0.00271002875887,-0.0013306721857,-0.00130804466002,0.00261780254208,0.00125707119005,0.00122624172324,-0.00241254640538,-0.00117716317301,-0.00351082865006,0.0
11:26:00,-0.00219780308248,-0.00126662461519,-0.00433213673913,-0.00317965291738,0.0,,0.0,0.0016090108057,0.00325733187031,-0.00317965291738,0.0,0.0,0.0,0.0028328630843,0.00394997221931,-0.0014419613169,0.00324675609887,0.0,0.00307219903697,0.0,0.00118413276122,-0.00228833051801,0.0,-0.00210748233956,-0.00394477829102,0.00100150233709,-0.000987654401273,0.00194552590549,0.0,0.00193610902687,-0.00192492840958,0.000889284184884,-0.00396432630191,0.0,0.00192123017789,0.00656457499651,0.00193423657983,0.000899685170898,-0.00210748233956,-0.0089286307443,0.0127537960626,0.0036079413762,0.0,-0.00128949082987,-0.00140745976788,0.0,0.00268096675326,0.0,-0.00134861787129,0.0,0.00134680155038,0.00135593241114,0.0,0.00130804466002,-0.00130804466002,0.00250941160543,0.0,0.00120700075004,0.0,-0.00352319800732,0.00248447332766
11:27:00,0.00109950533342,0.00126662461519,-0.00144822617636,0.00317965291738,0.0,,0.0,0.0,0.0,-0.0031897953681,0.00154918698683,0.0,-0.00150262988453,0.0,0.00131319782496,-0.0043384015986,-0.00487409575825,-0.00160642604827,0.00153256734978,,0.00118273224905,0.0,0.00108049713375,-0.00211193320314,-0.0119285708653,-0.00100150233709,-0.00098863082694,0.000971345389632,0.000999500333083,0.00386100865746,-0.000963855496307,-0.0089286307443,0.0,0.000872981286345,0.00095923268746,0.00217865009922,-0.00193423657983,0.00269420908369,0.00315956029037,-0.00224466985382,-0.00809721023262,-0.0036079413762,-0.00123533060799,0.0025773210143,0.0,0.00275862243908,-0.00268096675326,0.00134499011533,0.0,0.00132714020806,0.0,-0.00135593241114,0.0013306721857,-0.00130804466002,0.00261438057407,-0.00125391865959,-0.00245398896157,-0.00120700075004,0.0,-0.00471698987814,0.0
11:28:00,-0.00440529346792,-0.00126662461519,0.0100938131692,-0.00158856268514,0.0,,0.0,-0.0016090108057,0.0,0.0031897953681,0.0,-0.00298507684345,-0.00301205046999,0.0,-0.00131319782496,-0.00435730536896,0.00162733965938,0.0,0.0,-0.00320000273067,0.0,0.00571103779551,0.0,-0.00423729447552,-0.00100050033358,0.00100150233709,0.00098863082694,0.0,-0.000999500333083,0.00288600488914,0.000963855496307,-0.00810450181194,0.00198412763505,0.00174367960483,0.0028721896241,-0.00436205708017,0.00193423657983,0.000896459047037,0.00837701233805,-0.00224971973402,0.00463500250415,0.0012040940648,0.0,0.0,0.00140745976788,-0.00137835997012,0.0013413818242,0.0,-0.00135043909787,-0.00132714020806,0.0026881736618,0.00135593241114,0.0,0.00130804466002,0.0,-0.00251256413588,0.00122774723832,0.0,-0.00117855051944,0.00118133504583,-0.00248447332766
11:29:00,0.0,-0.001268230988,0.0,0.00158856268514,0.0,,,0.0016090108057,-0.00325733187031,-0.00159362583528,-0.00154918698683,0.0,-0.00150943424885,0.00423430413879,0.0,-0.00291545396012,0.0,-0.00322061470004,0.00153022218077,0.0,0.00118133504583,0.00113830405006,0.00107933091968,-0.00425532557014,0.00299850299626,0.00100050033358,-0.00098863082694,-0.000971345389632,0.000999500333083,0.000960153698343,0.0,0.00270880526809,0.0,0.000870700969244,0.00286396377143,0.00109229939861,0.000965717119959,-0.000896459047037,0.0257348221688,-0.0158913673366,-0.00347423626819,0.0,0.0,-0.00128783018443,-0.00140745976788,0.00137835997012,0.0,0.0,-0.00135226525001,0.00265252144913,-0.00134318354647,0.0,0.0,0.0,-0.00130633591406,-0.0012586534072,0.0,0.0,0.00117855051944,-0.00118133504583,0.00248447332766
11:30:00,0.0,,-0.0014357504261,,0.0,,0.0,,0.0,0.0,-0.0062208598751,,0.0,0.00140745976788,0.0,0.00145878946366,,,0.0,,0.0,,-0.00107933091968,-0.00213447252863,0.0,-0.00100050033358,0.0,0.0,-0.000999500333083,0.0,,0.0,0.0,0.0,,,0.000964785410099,0.0,0.00203045755038,0.0,0.0,0.0,-0.0012368585374,,,,,,,0.0,,,0.0,0.0,0.00130633591406,,,0.0,0.00117716317301,0.00118133504583,0.0
13:00:00,-0.00110436234305,-0.00254129742867,0.0128481424778,0.0,0.0,0.0,0.0,0.0,0.00488202759731,-0.00800644789374,0.00777004686193,0.00298507684345,-0.0045420214345,0.00421053253634,0.00785344350557,-0.00731532157637,0.00809721023262,-0.00485045413375,-0.00153022218077,0.0,0.00353565483231,-0.00570452202964,-0.00432901108959,-0.0107412418314,-0.00902261759964,0.00200000066667,-0.00297177038916,-0.00389484426154,0.0029955089798,0.00095923268746,-0.000963855496307,0.0134350431033,0.0029688294938,0.00780238028418,0.000952834755272,0.0130153681121,0.00384986038544,-0.00810450181194,0.00505817972735,-0.0126656845721,0.0183913229714,0.00240384731139,0.0,0.00385852568753,0.00140745976788,0.0,0.00267737777072,0.0,0.0,0.00396563639335,0.0,0.00270636159774,0.00265604405812,-0.00130804466002,-0.00130633591406,0.00251572459725,0.00245098161914,0.00120700075004,0.00352319800732,-0.00236406729488,0.00123992576332
13:01:00,-0.00110558330775,0.00254129742867,0.00988010859971,0.0,0.0,,0.0,-0.0016090108057,0.00162206037187,0.00481155699722,0.00463321292149,0.0,-0.0030395160179,-0.00280505092761,-0.00130463162666,0.00439561147304,-0.00485045413375,0.0016194335523,0.0,0.00638979809877,-0.00235571369246,-0.00343839880303,-0.00217155351351,-0.00650056460309,-0.0010075567603,0.0,-0.00696866931609,0.0029225544426,0.00199203253124,-0.00095923268746,0.000963855496307,-0.0035650661645,0.000987654401273,-0.000863930939264,-0.000952834755272,0.00537346806114,0.0,0.0,0.0,-0.00348230183587,0.0113251493571,-0.00481348703155,0.0012368585374,0.0,0.00140548160873,0.0,-0.00133779284166,0.0,0.0,-0.00132013220492,0.0,0.0,-0.00265604405812,0.00130804466002,0.00130633591406,0.00125549294583,0.0,0.00120554565535,0.00117164629689,-0.00118413276122,0.00123839025115
13:02:00,0.00110558330775,0.00253485560319,0.00420463128203,-0.0192313619279,0.0,,0.0,0.0,0.0,0.00319489089652,0.00920251893116,0.00148920355147,-0.00304878284936,0.00280505092761,-0.00130633591406,0.0,-0.00162206037187,0.0,-0.00460476638675,-0.0031897953681,0.0,0.0,-0.00435730536896,-0.00763778944812,0.00402415029973,0.0,0.00199600864672,0.0038835000264,0.0,-0.000960153698343,0.000962927373394,-0.0017873105741,0.0,0.0,0.00475512070501,0.00534474815888,-0.00384986038544,0.0,-0.00708863727773,-0.00349447064977,0.0134230203321,0.00481348703155,-0.00247524878854,0.0,0.0,-0.00137835997012,0.0,0.00268456537067,0.0,-0.00264550418842,0.0,0.0,0.00132890385005,0.0,-0.00130633591406,-0.00125549294583,0.0,0.0,-0.00117164629689,-0.00237248035363,0.0012368585374
13:03:00,0.00550965581097,0.00882173332915,0.00418702635422,-0.00324149392417,0.0,,,0.0,0.0016194335523,0.00318471606752,0.00304878284936,-0.00447428039492,0.00608829886726,0.00139958035442,-0.00787405643091,0.0,-0.00651468102119,0.0,0.0,0.0,0.0,0.00114744705648,-0.00328048407916,-0.00329128108407,0.00400802139754,-0.000999500333083,0.00497266066938,0.00096852307813,-0.00298953884837,0.000960153698343,0.000962001036191,-0.00268696982083,-0.000987654401273,-0.00173010423778,-0.00285035822436,0.00106553020204,0.0019267828697,0.000903750626357,-0.0194977957133,0.00349447064977,0.0143411172707,0.0011997601919,0.00123839025115,0.0,0.00280505092761,0.0,0.00133779284166,-0.0013413818242,0.00135226525001,-0.00132538124107,0.00134318354647,0.00135043909787,0.0,0.0,0.0,-0.00125707119005,0.0,0.0,0.0,-0.00356930777512,0.00123533060799
13:04:00,0.00109829774906,-0.00882173332915,0.00970208580645,0.0,0.0,,0.0,-0.00322580924888,-0.0016194335523,-0.00159109023224,-0.00152322954052,0.00149365225678,-0.00151860317719,-0.00139958035442,-0.00528402814661,0.00146092063967,-0.00327332534497,-0.0016194335523,0.00460476638675,0.0,-0.00117994113985,0.00457666702741,-0.00219298333501,-0.0110498361866,0.00995033085317,0.000999500333083,0.00198216120399,0.000967585948736,0.0,0.0,0.00479617226349,-0.00269420908369,-0.00197824001211,-0.0043384015986,-0.00285850599596,-0.00426894991958,-0.000962927373394,-0.0027137058716,0.0,-0.00817284175587,0.0130578569175,-0.0011997601919,0.0,0.00128287381289,0.00139958035442,0.0,0.00133600554274,0.0,0.0,-0.0053191614776,0.0013413818242,-0.00135043909787,-0.00132890385005,0.0,-0.00130804466002,0.00125707119005,0.00122324174274,-0.00120554565535,0.00234192144508,-0.00238663597773,0.00123380644893
13:05:00,-0.00109829774906,0.0,-0.012491487894,-0.00815000436192,0.0,,0.0,0.00322580924888,-0.00324675609887,0.0,-0.00305343748689,0.00149142458667,0.00151860317719,0.0,0.00396563639335,0.00436999967112,-0.00493016610786,0.00323624877921,0.0,-0.00320000273067,0.00117994113985,-0.00228571528086,0.00219298333501,-0.0168071183164,0.00395257431582,-0.000999500333083,0.00985229644301,0.0,0.0,-0.000960153698343,0.0,-0.00180018050415,-0.00297471711674,0.0,-0.00766287274557,-0.0150864930334,-0.00192864090641,-0.00362976805058,0.0,0.0,0.00646553976464,-0.00120120134563,0.0,0.00128123015605,-0.00420463128203,0.0,-0.00133600554274,-0.0026881736618,0.0,0.0,-0.00537635703638,0.00135043909787,0.0,0.0,0.0,-0.00125707119005,-0.00122324174274,-0.00120700075004,0.00116890720498,0.0,-0.00123380644893
13:06:00,-0.00109950533342,-0.00253485560319,-0.00419874654635,0.00163532334073,0.0,,0.0,-0.00161160389434,-0.00162733965938,0.00159109023224,-0.00459770924863,0.0,0.00151630051796,0.00279720462106,-0.00264200946284,0.00290275965796,0.00820349145283,-0.00485830915108,0.00153022218077,0.0,0.0,-0.00229095174656,0.00763778944812,-0.0170944333593,0.00295421189743,-0.00200200267067,0.00293685967331,-0.00193610902687,0.0,-0.00288600488914,-0.00383509578394,-0.000901306956013,0.0,-0.00348432408261,-0.00385356931599,0.0,-0.00289995369979,0.00272356046704,-0.00103680672844,0.0,-0.0239141830996,0.0,0.0,-0.00256410396894,0.0,0.0,0.0,0.0026881736618,-0.00135226525001,0.0,0.0,-0.00135043909787,0.0,0.0,0.0,0.00251256413588,0.0,0.0,0.00233372334622,0.0,0.0
13:07:00,-0.00110071557619,-0.00892294001819,-0.0127030642563,0.00488998529419,0.0,0.0,0.0,-0.00647251450562,0.0,0.0,-0.00153727931889,-0.00149142458667,-0.00151630051796,0.00278940208758,0.00264200946284,-0.00145032657765,0.00326264563482,-0.00488202759731,0.00152788417805,0.00160128136697,-0.00236127618568,-0.0080599169771,-0.0010875476874,0.0204785313435,0.00294551022976,-0.00100250634963,0.00292825977909,-0.000969462024548,-0.00199800266267,0.0,-0.00096107647955,0.0,0.00297471711674,0.0,0.0,0.00216919824755,-0.00387973328559,0.00271616282878,0.00103680672844,0.00117164629689,-0.00995033085317,-0.00120264596576,0.0012368585374,0.00128287381289,-0.00140548160873,-0.00138026246896,0.00133600554274,0.0,0.00135226525001,0.00133244523378,0.00269179166571,0.0,0.00132890385005,0.00130633591406,0.00130804466002,0.0,-0.0012247398959,0.0,-0.00116618089018,0.00119402999261,-0.00371057939654
13:08:00,-0.00110192848616,-0.00513479947204,0.0196912128902,0.0,0.0,,0.0,-0.001624695727,0.00162733965938,-0.00318471606752,0.00153727931889,0.00149142458667,-0.0030395160179,-0.00278940208758,0.002635047638,-0.00436364328777,0.00487409575825,0.00162999221093,0.00152555330884,0.0,0.0,-0.00115673812782,0.00217391389962,0.0156427770705,-0.000980873055592,-0.00200803280325,0.00679944338892,0.0,0.000999500333083,0.0,-0.000962001036191,0.00270148746016,0.0,-0.000872981286345,0.0,0.004324331063,-0.00194552590549,0.0036101122241,-0.00623702645555,-0.00117164629689,0.00774768679083,0.0,-0.0012368585374,-0.00256739550525,0.0,0.0,0.00133422301314,-0.0026881736618,0.0,0.0,-0.00134499011533,0.0,0.0,0.0,0.0,-0.00125549294583,0.0,0.0,0.0,0.00357355949086,-0.00123992576332
13:09:00,-0.00220750641521,0.00128617381074,0.0,-0.00488998529419,0.0,,0.0,-0.00162733965938,0.0,-0.00159616953282,0.00153491971808,0.0,-0.00457666702741,0.0,-0.002635047638,-0.00145878946366,0.0,0.00162733965938,-0.00152555330884,0.0,0.00236127618568,0.00461894585629,0.00216919824755,0.00992837719733,-0.0049188490716,0.00100452042601,0.00771459949533,0.0,0.0,-0.000963855496307,-0.0019267828697,-0.00180018050415,0.00592301830312,0.000872981286345,0.00385356931599,0.00966191091174,-0.00194931835605,0.00359712618085,0.00416233691469,0.00351082865006,0.00440044714482,-0.0012040940648,0.0012368585374,0.00256739550525,0.0,0.0,0.00266311741948,0.0026881736618,0.0,0.00265957603576,0.00134499011533,0.0,0.0,-0.00130633591406,0.00130633591406,-0.00125707119005,0.0,0.00241254640538,-0.00233644966102,0.00237529802891,0.00247831601447
13:10:00,-0.00554018037562,0.0,-0.00278940208758,-0.00163532334073,0.0,0.0,,-0.00162999221093,-0.00162733965938,0.0031897953681,0.0045906737086,0.00148920355147,-0.00306278953055,-0.00139762426664,0.002635047638,-0.00732604009207,-0.00162206037187,0.0,0.00456969569007,0.0047885167318,-0.00236127618568,0.00230149698828,0.0,-0.00219780308248,-0.00395257431582,0.0,0.0019193863858,-0.000970402793279,-0.000999500333083,0.000963855496307,-0.00193050253006,0.0,0.00490919002624,0.00348432408261,0.0,0.00745080615587,-0.00293112080886,-0.00449843313686,0.00414508365517,0.0162228355069,0.00109709281437,-0.00241254640538,-0.0012368585374,-0.00256739550525,0.0,0.0,-0.00266311741948,0.0013413818242,0.0,-0.00399202126954,0.0,0.0,-0.00132890385005,0.00261096754072,0.00260756340708,0.00251256413588,0.0012247398959,0.0,-0.00351494210744,0.0047337366502,-0.00247831601447
13:11:00,-0.00445435034938,0.00384862566129,-0.00419874654635,0.00163532334073,0.0,,0.0,-0.00163265342389,-0.00162999221093,-0.00159362583528,0.00152555330884,-0.00298062813814,-0.00461184522256,0.00139762426664,-0.002635047638,-0.00294551022976,-0.00488202759731,0.001624695727,-0.00304414238123,-0.0031897953681,0.00118133504583,0.00229621226035,-0.00108401094626,-0.0121750258753,0.0,0.0,-0.0086663999324,0.000970402793279,-0.00100050033358,0.00192492840958,0.0,-0.000901306956013,0.00585939176389,-0.00086994350854,0.00575265248945,0.00317628641842,0.0,-0.0081485285639,0.0123331470772,0.0,0.00328407520119,0.00120700075004,0.00247218914539,-0.00128617381074,0.0,0.0,0.00133244523378,-0.00268456537067,0.00135043909787,0.00399202126954,-0.00269179166571,0.0,0.0,-0.00130463162666,-0.00130293178042,0.0,0.0,-0.00120554565535,-0.00117439825594,-0.00118133504583,-0.00124146508806
13:12:00,-0.00111669470007,0.00255754615112,-0.00421645037893,-0.00163532334073,0.0,,0.0,0.0,0.00162999221093,0.00318471606752,-0.00305343748689,0.0059523985273,0.00307692550448,0.00139567363897,0.0,0.0,0.0,-0.00488202759731,-0.00305343748689,0.00478088560034,0.00235849165929,0.00229095174656,0.00108401094626,0.00111296616942,0.0,0.00100351237724,0.0086663999324,0.00387222168251,0.00100050033358,0.0,0.0,-0.000902120043138,0.00485673611295,-0.00174216071939,0.00191022025612,0.00211193320314,0.00390625496706,0.00272356046704,0.00102092913411,-0.0127242896644,0.00218340698094,0.00120554565535,-0.00123533060799,-0.00128783018443,-0.00140745976788,-0.00138217022695,0.00265957603576,0.00268456537067,0.00134861787129,0.00132714020806,0.00134680155038,-0.00135226525001,-0.00266311741948,0.00130463162666,0.00260416813839,0.0,0.0,0.00120554565535,-0.00353149278147,0.00118133504583,0.00371978110253
13:13:00,0.00668153933348,-0.00640617181241,0.00701757265865,0.0,0.0,,,-0.00163532334073,0.0,0.0,-0.00153022218077,0.00296296513066,0.00459770924863,0.0179686935428,-0.00396563639335,0.00294551022976,0.00325733187031,0.00162999221093,0.00152788417805,-0.00159109023224,0.00352734051797,0.00114351070208,0.004324331063,0.00111172885269,0.000989609185166,0.0,0.00859193829688,0.000965717119959,0.000999500333083,-0.000962001036191,-0.00193423657983,0.000902120043138,0.00386847677792,0.0,-0.00191022025612,0.00735683822571,0.00291971010333,0.000906207583538,0.00101988790075,-0.00583772819569,-0.00327690080231,-0.00241254640538,0.0,0.0,0.0,0.0,0.00132714020806,0.00133958492906,0.00134680155038,-0.00132714020806,-0.00134680155038,0.00135226525001,0.00133244523378,0.0,-0.00260416813839,-0.00251256413588,0.0,0.0,0.0,-0.00118133504583,0.0
13:14:00,0.00332410278384,-0.0103360093307,0.00139762426664,0.0,0.0,0.0,0.0,0.0,0.00487409575825,0.00158856268514,-0.00614441257234,0.00442805151573,-0.00306278953055,0.0068259650704,-0.00398142529919,0.00732604009207,0.001624695727,-0.00326264563482,-0.00152788417805,0.00317965291738,0.00468384931243,-0.00228833051801,0.0,-0.00222469502211,0.00098863082694,0.0,0.0104019850443,0.000964785410099,0.0,0.0,0.00289995369979,0.0,-0.00580834159575,-0.000872219854686,-0.00575265248945,0.00209205097222,0.00194174818291,-0.00272109011436,0.0020366605818,-0.00234466695925,-0.00658619285286,0.00241254640538,0.00123533060799,0.00257400399517,0.0,0.0,0.00264900817158,0.0,0.00134499011533,-0.00265957603576,0.00134680155038,0.0,-0.00133244523378,0.00130293178042,0.0,0.00125707119005,-0.0012247398959,-0.00120554565535,-0.00117994113985,-0.00118273224905,0.0
13:15:00,0.00110558330775,0.0012978587156,0.00139567363897,0.00163532334073,0.0,,0.0,-0.00492207720543,0.0,0.00158604315563,-0.00308642220319,-0.00294985464642,0.0045906737086,-0.00272479732619,0.00398142529919,0.0,0.00162206037187,0.00326264563482,0.00305343748689,-0.00636944828548,0.00116754245604,-0.0022935789871,0.00215517324798,0.00665929208998,0.00296004162848,0.00200400868672,-0.00755433243178,-0.00193050253006,0.00099850232959,-0.000962927373394,0.000964785410099,-0.00270880526809,0.00484262447579,-0.000872981286345,-0.00192492840958,0.00208768343048,0.0,0.0045310453596,-0.00305654848255,0.0,-0.00884961527698,0.0,0.0,0.0,0.0,-0.00138408326594,-0.00132362693051,-0.00133958492906,-0.00134499011533,0.0,0.0,0.00135043909787,0.00133244523378,0.0,0.00130293178042,-0.00125707119005,0.0012247398959,0.0,0.00235849165929,-0.00236966935532,-0.00123839025115
13:16:00,-0.0033204236373,-0.0012978587156,0.00417537141048,0.0,0.0,,0.0,0.0,0.00323624877921,0.00158353160564,-0.0015467907183,-0.00295858203975,0.00152555330884,-0.00547196987799,0.00528402814661,-0.00292397869144,-0.00324675609887,-0.00162999221093,0.0106142012418,0.0031897953681,-0.00116754245604,-0.00114876520387,0.0,-0.00110680697519,0.00196850457267,0.0,-0.00189753377619,-0.00193423657983,0.00199401860686,-0.000963855496307,-0.000964785410099,-0.00271616282878,-0.00193423657983,-0.000873744048597,-0.00579711768433,-0.0104822762735,0.00193798510268,0.0,-0.00922610337329,0.0,0.00332779009267,-0.00120554565535,0.00123380644893,0.00256739550525,0.00140745976788,-0.00277392688273,-0.00132538124107,0.00267737777072,-0.00269541942167,0.00265957603576,-0.00134680155038,0.00269541942167,0.0,-0.00130293178042,-0.00130293178042,-0.0012586534072,0.0,0.0,0.00235294226203,-0.00237529802891,0.00494438584546
13:17:00,-0.00221975673831,0.00776200533549,0.00692044284457,-0.00163532334073,0.0,,0.0,-0.00164609090667,-0.00161681522691,0.0,-0.00310077767825,0.0,-0.00305343748689,-0.00274725447514,-0.00793654959574,0.00874641144287,0.0,-0.00163265342389,0.00451468035453,0.00159109023224,-0.00233918235317,0.00573067470899,-0.00107700602764,0.00110680697519,0.0,0.0,0.00662567497214,0.00193423657983,0.000995520241502,0.0,0.000964785410099,-0.00363306484988,-0.00193798510268,-0.000874508144932,-0.0038835000264,-0.00952892334588,0.0,-0.00271616282878,0.00308483535121,0.00468384931243,-0.00555248511479,-0.00120700075004,0.00123228604627,-0.00385356931599,0.0,-0.00138985428905,0.0,-0.00267737777072,0.0,-0.00132890385005,0.0,0.00134499011533,-0.00133244523378,0.00130293178042,0.0,0.0012586534072,0.00122324174274,0.0,0.0,-0.00238095350574,0.00123228604627
13:18:00,0.00111049428403,-0.00906155067757,0.00550207715398,0.0,0.0,,,0.0,-0.00649352931055,-0.00158353160564,0.00310077767825,-0.00148257996022,-0.00306278953055,0.00548698221626,0.00132714020806,0.0,0.001624695727,0.0,-0.00300752106396,-0.00318471606752,0.00117027514819,0.0,-0.00431966114452,0.0022099456508,0.00294551022976,-0.00100150233709,0.00564441761968,0.0,0.00298062813814,0.0,-0.000964785410099,-0.00364631215302,-0.00291403800185,-0.00175131393273,0.000972289818939,0.0,-0.00096852307813,0.00271616282878,0.0,-0.00468384931243,0.00333518930614,0.00120700075004,0.00123076938613,0.00128617381074,0.0,-0.00139178867282,0.0,0.0,0.00134861787129,0.0,0.00403497521218,0.0,0.0,0.0,0.0,0.00125707119005,0.0,0.00120554565535,-0.00117577908901,0.0,0.0
13:19:00,0.00221729580865,-0.009144413819,0.0109141601807,0.0,0.0,,,0.0,-0.00162999221093,-0.00317460584077,0.00309119256967,-0.00148478126758,-0.00307219903697,0.00817443243956,-0.00265604405812,-0.00582243275143,0.0,0.0,0.0104869874952,0.0,0.0,0.0,0.00324149392417,0.0033057881345,-0.000980873055592,0.00100150233709,0.00374532273016,-0.000966650631095,-0.00397614837964,-0.000964785410099,-0.00193236775105,-0.00365965641753,-0.00585367525146,-0.00175438641489,0.000971345389632,-0.00426439878646,-0.00291121020746,-0.0045310453596,0.0,0.0,0.00221729580865,-0.00120700075004,0.0,0.0,-0.00422833610952,-0.00278940208758,-0.00265604405812,0.00267737777072,-0.00134861787129,-0.0013306721857,0.0,-0.00134499011533,0.0,0.0,0.0,0.0,0.0,-0.00120554565535,-0.00117716317301,0.0,0.00246002584086
13:20:00,0.00441989669815,-0.00131319782496,0.00945314264376,0.0,0.0,,0.0,-0.00330033302866,-0.00490597876885,0.00317460584077,0.00308166653741,0.00148478126758,0.00307219903697,-0.00680737822803,-0.00266311741948,-0.00146092063967,0.0,-0.00985229644301,-0.00747946643129,-0.00159616953282,-0.00117027514819,0.00114220457878,0.00215517324798,0.00439078641749,-0.0029484050843,-0.00401204148996,0.00279981517475,-0.00193610902687,-0.000996512289739,-0.000965717119959,0.00289715316115,0.00365965641753,-0.00195886448533,-0.00175746969665,0.0,0.00745080615587,-0.00584796988242,0.00272109011436,-0.00102722145653,0.0,0.00221239028294,0.0,-0.00123076938613,0.00128452169236,0.0,0.00278940208758,-0.0013306721857,-0.00267737777072,0.0,0.0,0.0013413818242,-0.00134680155038,0.0,0.0,-0.00130463162666,0.0,-0.00122324174274,-0.00120700075004,0.0,0.00356930777512,0.0
13:21:00,0.00220264406234,0.00262467342277,-0.0121705356203,0.0,0.0,,0.0,0.0,-0.00164068945746,0.00158353160564,0.0,0.0,0.0045906737086,-0.00823049913652,-0.00267022855588,-0.00292825977909,-0.00488202759731,0.00164880499018,-0.00150262988453,-0.0015987213637,0.00117027514819,0.00341880674879,0.0,0.00546151002552,-0.00394477829102,-0.00201207311342,-0.00748366448717,0.00290275965796,-0.000997506317125,0.0,0.0,0.00455581653586,0.0,0.00087912093574,0.00193986481783,0.0105486210207,-0.00588236990307,0.0,-0.00308801068858,0.0,0.00330943490137,-0.00120845936157,0.00246002584086,-0.00128452169236,-0.00141342779715,-0.00278940208758,0.0013306721857,0.0,0.0,0.0,0.0,0.00134680155038,0.0,-0.00130293178042,-0.00130633591406,0.00125549294583,0.00122324174274,0.00120700075004,-0.00117855051944,0.00355661311485,0.0
13:22:00,-0.00662254076049,0.0258746647063,-0.0068259650704,0.0,,,0.0,0.00330033302866,-0.0032894766504,-0.00158353160564,0.00460476638675,0.0,0.00456969569007,-0.00552487593197,0.00533334597536,-0.00293685967331,0.00162999221093,0.00493016610786,0.0,-0.00320513094895,0.0,0.002272728251,0.0,-0.00218102594636,-0.0029688294938,-0.00201612971518,-0.00659446572528,0.0,0.0,0.0,-0.00289715316115,0.00362976805058,0.0,0.0,0.00096852307813,0.00418848779875,-0.00492854620115,-0.00362976805058,-0.00413223728491,0.0,-0.00773912099296,0.0,-0.00246002584086,0.00128452169236,-0.0028328630843,0.0,0.00132890385005,0.0,0.00134861787129,-0.00133244523378,0.0,0.0,0.00133244523378,0.00130293178042,0.0,0.0,0.0,-0.00362538161432,-0.00236127618568,0.00118273224905,0.0
13:23:00,0.00110680697519,0.0,-0.0124053968575,0.00163532334073,0.0,,0.0,0.0032894766504,0.0065681681121,0.0,-0.00306748706786,-0.00148478126758,-0.00304414238123,0.00414651596185,0.0,-0.00442152525788,-0.00326264563482,0.00816331063916,0.00300300525977,0.0,0.0,-0.00113571846393,0.00107584733346,0.00326975768156,0.00198019866686,0.00100857295488,0.0,-0.00193423657983,0.00398406901487,0.000965717119959,-0.00193610902687,0.00361664047019,0.000979911886349,-0.00087912093574,0.0048285946062,0.00312989300893,-0.00098863082694,-0.00546947580454,0.0,0.0,0.00773912099296,0.0,-0.00246609249519,0.0,0.0,0.00139567363897,0.00529802563756,-0.0013413818242,-0.00134861787129,-0.00133422301314,0.0,-0.00269541942167,-0.00133244523378,0.0,0.0,-0.00251256413588,-0.00122324174274,0.0,-0.00236686501027,-0.00118273224905,-0.00122925645473
13:24:00,0.00110558330775,-0.00769234562316,-0.0139667074817,0.0,0.0,,0.0,-0.00493828164058,0.00326797676462,0.00158353160564,-0.00461894585629,-0.00148698912158,-0.00152555330884,0.00687287928776,-0.00266311741948,-0.00592594326755,-0.00163532334073,-0.00325733187031,-0.00300300525977,-0.00160642604827,0.0,-0.00341491510007,0.0,0.00217391389962,0.00098863082694,0.00502766267697,0.00188857468787,0.000967585948736,0.0,-0.000965717119959,-0.00291121020746,-0.00361664047019,0.00391007340784,0.0,0.00288600488914,0.00312012733624,0.00591717702809,-0.000914494805388,0.00103466124078,0.0,0.00658619285286,-0.00363416511422,0.0,0.0,0.0,0.0013937284486,-0.00264550418842,0.00401875959492,0.00134861787129,0.0,0.0,0.0,0.0,0.0,0.00130633591406,-0.00251889301948,0.0,-0.00242424361151,0.0,0.0,-0.00123076938613
13:25:00,0.0,-0.0025773210143,-0.00140745976788,0.00326264563482,0.0,0.0,0.0,-0.0033057881345,-0.00490597876885,0.00158102799732,-0.00619197024792,-0.00148920355147,-0.00305810635882,0.00136892560734,-0.00133422301314,0.00444774639824,-0.00163800200424,0.00162999221093,-0.00301205046999,0.00160642604827,0.00116890720498,0.00113960126293,0.00107469112977,0.00216919824755,0.000987654401273,0.00100250634963,-0.00662567497214,-0.000967585948736,-0.000994530166508,0.0,0.000971345389632,0.0,0.00194931835605,0.0,-0.00192307751574,0.00207468954086,0.00294551022976,0.00182815407406,-0.00103466124078,0.0,0.00327690080231,0.00363416511422,0.0,0.00128287381289,-0.00141944665423,0.0,0.0,-0.00267737777072,0.0,0.0,-0.0013413818242,-0.00135043909787,0.0,0.0,0.00130463162666,0.0,0.0,0.00121285642521,0.00236686501027,0.00236406729488,0.00123076938613
13:26:00,0.00220750641521,-0.00517465579002,-0.00140944350323,-0.00489796897555,0.0,,0.0,-0.00165700120763,0.0,0.00157853229305,0.00619197024792,0.00594355390085,0.0,-0.00548698221626,0.00133422301314,-0.00296296513066,-0.00493016610786,-0.00653597097979,0.00301205046999,0.00480385231265,0.00116754245604,-0.00228050269873,0.00107353740852,0.00216450300957,-0.00296589441338,0.00100150233709,0.0,-0.00096852307813,0.0,-0.00193423657983,-0.000971345389632,-0.000906207583538,0.00582525919108,0.00087912093574,-0.00385728539976,-0.00103680672844,0.00781253973679,0.00455581653586,0.0,0.00234466695925,-0.0043715916615,0.0,-0.00123533060799,-0.00128287381289,0.0141046061815,0.0,0.00132362693051,0.00133958492906,0.0,0.00266666824692,0.0013413818242,0.0,0.0,0.00130123635797,0.0,-0.00252525386719,0.00122324174274,0.0012113871863,0.00118133504583,0.00117994113985,0.0
13:27:00,0.00110192848616,0.00129617646145,0.0126140425161,0.00163532334073,0.0,0.0,0.0,-0.00165975141836,0.00327332534497,0.0,-0.00154440185137,0.00443459706787,0.00153022218077,0.00137457066317,0.00133244523378,0.00296296513066,-0.00661159433231,0.0,0.00450113288079,0.0,-0.00116754245604,-0.0126365840045,0.004282661792,0.00539084863488,0.0,0.00100050033358,-0.00285306898241,0.00096852307813,-0.000995520241502,-0.00193798510268,0.0,-0.00181488253082,0.00193423657983,0.000878348760906,-0.00193423657983,0.00103680672844,-0.0019474202844,-0.00181983671699,-0.00103573287353,0.0104834972949,0.0,0.0,-0.0012368585374,0.0,0.00558660670864,0.0,0.0,-0.00268096675326,0.00134680155038,0.0,-0.0013413818242,-0.00135226525001,0.0,0.0,-0.00130463162666,0.00126342404677,-0.00122324174274,0.0,-0.00118133504583,0.00117855051944,-0.00123076938613
13:28:00,-0.00110192848616,0.00387847932857,0.0055555698446,-0.00163532334073,0.0,,0.0,0.0,0.0,-0.00157853229305,0.00462606838878,-0.00147601502812,0.00152788417805,-0.00137457066317,-0.00266666824692,0.00295421189743,0.00165700120763,0.0,0.00298953884837,-0.0015987213637,0.00116754245604,0.00576370471675,0.00213447252863,-0.0129871955268,-0.00396825917562,0.00598207167755,0.000951927725382,0.000967585948736,0.0,0.000969462024548,0.00581396986542,-0.000908677936218,0.00385728539976,0.0,0.0,-0.00311365067328,-0.000975134158206,-0.00273597981887,0.00103573287353,0.00231481584845,-0.011013327178,0.00120845936157,0.0,0.00256410396894,-0.0013937284486,0.00139178867282,-0.00132362693051,-0.00134318354647,0.0,0.0,-0.00134318354647,0.0,0.0,-0.00130123635797,0.0,0.00126182982042,0.0,-0.0012113871863,0.00118133504583,0.00117716317301,-0.00123228604627
13:29:00,0.00220264406234,-0.019544596073,-0.00974259619882,0.0,0.0,,0.0,0.0,0.00488998529419,-0.00158102799732,0.00460476638675,0.00147601502812,0.00152555330884,-0.0041350851478,-0.00669794868413,0.0,0.00495459312468,0.00163800200424,0.00149142458667,-0.00160128136697,0.00116618089018,-0.00345423486809,0.00212992625783,-0.00765449336053,0.00297766969392,0.00792083349144,0.00474609338926,0.000966650631095,0.0,0.0,0.0,-0.000909504382841,0.00192307751574,0.0,-0.00290838789596,-0.00730311018498,-0.00293112080886,0.00091282525736,0.0,0.0,0.00110680697519,-0.00484262447579,-0.00247831601447,0.00127959070563,-0.00559442018532,-0.00278551712143,-0.00265252144913,0.00268456537067,-0.00134680155038,0.0013306721857,-0.00134499011533,0.0,-0.00133422301314,0.00130123635797,0.0,0.00126023961229,0.00122324174274,-0.00121285642521,0.00235849165929,0.0,0.00123228604627
13:30:00,-0.0033057881345,0.0130720815674,-0.00701757265865,0.00163532334073,0.0,,0.0,0.0,-0.00325733187031,0.0,0.00153022218077,-0.00147601502812,0.00152322954052,-0.00554018037562,0.00134318354647,0.00881062968215,0.0032894766504,0.0,-0.00149142458667,0.00160128136697,0.0,0.00345423486809,0.0,0.00438116801556,0.0,0.0049188490716,0.00378072283991,-0.000966650631095,0.0,0.00096852307813,0.000965717119959,0.00272603530924,0.00383509578394,0.00350570034763,-0.00389105549297,-0.00946877142885,-0.00293973754093,-0.00274097933142,-0.00103573287353,0.0,0.00110558330775,-0.00364742045704,0.0,0.0,0.00280112227971,-0.00279329790561,0.0,0.0,0.0,-0.0013306721857,-0.00134680155038,0.0,0.0,0.0,0.0,0.0,0.0,0.0,0.0,-0.00235571369246,-0.00123228604627
13:31:00,-0.0022099456508,0.0012978587156,-0.00848661387732,-0.00163532334073,0.0,0.0,,0.0,0.00162999221093,-0.00475813744642,-0.00153022218077,0.00589103323724,0.0030395160179,-0.00417537141048,0.0,0.0,0.00164068945746,-0.00163800200424,-0.00149365225678,-0.00320513094895,0.0,0.00114876520387,0.0,0.00218340698094,-0.00198412763505,0.0,-0.00283420123588,0.0,-0.000996512289739,0.0,-0.000965717119959,0.0,0.00477327875266,0.00349345333456,-0.000975134158206,-0.00317628641842,-0.0029484050843,-0.00274851295335,-0.00728032336813,0.00346220772847,0.00330943490137,0.00243309122464,-0.00124146508806,-0.00384369467456,0.0,-0.00420463128203,0.0,0.0,0.0,-0.00133244523378,0.0,0.00135226525001,0.0,-0.00130123635797,-0.00130633591406,0.0012586534072,0.0,0.0,0.0,-0.00117994113985,0.00123228604627
13:32:00,0.0,-0.0012978587156,-0.00284495213223,0.0,0.0,,0.0,0.0,0.00162733965938,0.00158856268514,0.0,0.00146735169395,0.00151630051796,0.0110958142551,-0.00673403218134,0.00146092063967,0.0,0.0,-0.00449438958784,0.0,0.00116482249629,0.00458190950511,0.0,0.00326619778662,0.00198412763505,-0.0049188490716,-0.00284225676893,-0.000967585948736,0.00199203253124,0.0,0.00481928643595,0.00181323712418,0.0113637586503,0.000871459750141,-0.00391007340784,0.00634251597647,0.00490919002624,-0.0110702237542,-0.00313643749013,0.00230149698828,0.0022002209096,-0.00121580562089,0.0,0.00128287381289,-0.00420463128203,-0.00281294137661,-0.00132890385005,0.00267737777072,0.00134680155038,0.0,-0.00134861787129,-0.00135226525001,0.0,0.00130123635797,0.00130633591406,-0.00378072283991,0.0,-0.00243013485329,-0.00117855051944,-0.0035482000561,0.0
13:33:00,0.00110558330775,0.0,0.00568183346743,0.0,0.0,0.0,0.0,0.0,-0.00162733965938,-0.00158856268514,-0.00153256734978,-0.00146735169395,0.0,0.00687287928776,0.00135043909787,-0.00146092063967,-0.00328407520119,-0.00493016610786,0.0,0.0,0.00696058494762,-0.00228833051801,0.00212539931231,0.00217155351351,-0.000991571722295,0.0,-0.00380228594974,0.000967585948736,-0.000995520241502,0.0,0.00288046286535,-0.00181323712418,0.00750472565407,-0.00699303549097,-0.00490919002624,0.00315623618144,0.00391007340784,-0.00278681090718,0.00417973440271,0.00114876520387,0.00219539056344,0.0,-0.0024875634718,-0.00128287381289,0.0,0.00140745976788,-0.0013306721857,-0.00267737777072,0.0,-0.00133422301314,0.0,0.00135226525001,0.0,0.00129954534209,0.0,0.00252206943271,0.0,-0.00243605479788,-0.00117994113985,-0.00237248035363,0.00123076938613
13:34:00,0.00110436234305,0.00647251450562,0.00564973254212,0.0,0.0,0.0,0.0,0.0,-0.00162999221093,0.00158856268514,-0.00153491971808,-0.00294117859082,-0.00151630051796,0.00410116774421,-0.00677050656721,-0.00146305805176,0.0,0.0,0.00299850299626,0.00160384958197,0.00115540163056,0.00114481981593,-0.00425532557014,-0.00217155351351,0.00198216120399,0.0049188490716,-0.00573067470898,-0.000967585948736,0.0,0.00289995369979,0.0028721896241,-0.00272603530924,-0.00938974034984,-0.00263504763801,0.00392927813989,0.00314630568937,0.00777457754713,0.00185873659463,0.011404996614,-0.00575706829007,0.0,0.00121580562089,-0.00499376818049,0.0,-0.00140548160873,0.00140548160873,0.0013306721857,0.00133958492906,0.004029555486,-0.00133600554274,0.00269541942167,0.0,0.0,0.0,0.0,0.0,0.00122174725032,-0.00122025640523,0.00117994113985,0.00118694375953,0.00122925645473
13:35:00,-0.00110436234305,0.00128949082987,0.00561799230422,0.0,0.0,,,0.0,-0.00163265342389,0.00158604315563,0.00153491971808,0.00587373201209,0.00151630051796,-0.00410116774421,0.0027137058716,-0.0103017835278,0.00164338574373,0.0,0.00149588659158,0.0,0.00115406821811,0.00114351070208,-0.00213447252863,0.00217155351351,0.000989609185166,0.0039177327289,0.00191387618228,0.00193423657983,-0.000996512289739,0.000964785410099,-0.00575265248945,-0.00182149412839,-0.00283420123588,-0.00352423272253,0.00975617494536,0.00522194398115,0.00193423657983,0.00740058881817,0.00514139950042,-0.0104469899647,-0.00109709281437,0.0,0.00125078190165,-0.00128452169236,-0.00140745976788,0.0,-0.0013306721857,0.0,0.00133958492906,0.00267022855588,-0.00134680155038,-0.00135226525001,0.0,0.0012978587156,-0.00130633591406,0.0,0.0,-0.00122174725032,0.00353149278147,0.0011855365941,0.0
13:36:00,-0.00221239028294,-0.00128949082987,-0.0126851595273,0.0,0.0,0.0,0.0,0.0,-0.00327332534497,0.00158353160564,0.00306278953055,0.00583943265156,-0.00151630051796,-0.00274348594575,0.00405680069561,0.0,0.00164068945746,0.00493016610786,-0.00149588659158,0.00320000273067,0.0,0.0,0.0,0.00540834200926,0.00591717702809,0.00195312562088,0.0038167985267,-0.000966650631095,0.000996512289739,-0.00193050253006,0.0,0.0,0.00566039247171,0.00264433825309,0.0,0.00208116620382,-0.000966650631095,0.00184162114665,0.00307219903697,0.0,-0.00329851865866,0.0,0.00124921940043,-0.00128617381074,0.0,0.00280505092761,-0.00133244523378,-0.00133958492906,0.00133779284166,0.00133244523378,0.00134680155038,0.0,0.00266666824692,-0.0012978587156,0.0,-0.00126023961229,0.0,0.00122174725032,0.0023474189183,0.0,0.00122774723832
13:37:00,-0.00332779009267,-0.0129871955268,-0.00568991577768,0.0,0.0,,,0.0,0.00327332534497,0.0110150602307,-0.00306278953055,-0.00291545396012,0.0,-0.00275103337189,0.00404040953701,0.0088365818005,0.00816331063916,0.00163800200424,-0.00149812762102,0.00159616953282,-0.00230946984866,0.0,0.00213447252863,0.00752287266299,0.00294551022976,0.00389484426154,0.00190295014609,-0.000967585948736,0.0,0.0,0.0,0.00182149412839,-0.00850264924064,0.00351494210744,-0.00779731046003,0.0,-0.00193610902687,0.000919540294679,-0.00512558784881,0.0,0.00439561147304,0.0012143292324,0.0024937668784,-0.00128783018443,0.0,0.00279720462106,0.00133244523378,-0.0013413818242,-0.00267737777072,-0.00133244523378,-0.00134680155038,0.00135226525001,-0.00133244523378,-0.00129954534209,0.0,-0.00126182982042,0.0,0.0,0.0046783711061,0.00236686501027,0.0
13:38:00,-0.00111172885269,0.0,0.00568991577768,0.0,0.0,,0.0,0.0,0.0,0.00156372197618,-0.00307219903697,-0.00292397869144,-0.0030395160179,-0.00137835997012,0.0,0.00438918041876,0.0,-0.00163800200424,-0.00150037537523,0.00318471606752,0.0,0.0,0.00106553020204,-0.00321716095178,0.0,0.00484731923433,-0.000951022420704,0.000967585948736,-0.000996512289739,-0.00193423657983,-0.00192492840958,0.000909504382841,-0.00285035822436,0.000876808473535,-0.00293973754093,-0.00730311018498,-0.00193986481783,-0.00552996800946,-0.00825598084702,0.0127537960626,0.00546748218213,-0.0012143292324,-0.00124610608025,0.00257400399517,0.0,0.0,-0.00133244523378,0.0,-0.0013413818242,0.0,0.0,0.0,-0.00133422301314,-0.00130123635797,0.0,0.00126182982042,0.0,0.00122025640523,0.0,0.00118133504583,0.00122624172324
13:39:00,0.00111172885269,-0.00787405643091,0.00565772371986,0.0,0.0,,0.0,0.0,0.0,0.0046765478839,0.0,-0.00587373201209,-0.00457666702741,0.00137835997012,-0.00404040953701,0.0,-0.00488998529419,0.0,-0.00300752106396,0.0,-0.00231481584845,-0.00343446244863,-0.00106553020204,-0.00322754449087,0.000979911886349,-0.00193610902687,0.00190114125702,0.0,0.0,0.00193423657983,0.000962927373394,0.000908677936218,0.00569261499329,0.0,-0.0029484050843,-0.00524935588614,-0.00779731046003,-0.00185013928816,-0.0051948168771,0.00917437627604,0.00108991836403,-0.00121580562089,0.00124610608025,-0.00128617381074,0.00140745976788,-0.00419874654635,0.00133244523378,0.0,0.00401875959492,0.0,-0.00269905696916,0.0,0.0,0.00130123635797,0.0,0.0,0.00122025640523,0.00365186041877,-0.00116754245604,0.00235849165929,0.0
13:40:00,0.00221975673831,-0.0039604012161,-0.00141143283841,0.0,,,0.0,0.0,-0.00163532334073,-0.0046765478839,0.0,-0.0014738396183,-0.00459770924863,-0.00414079266603,-0.00405680069561,0.0,-0.00655740054616,-0.00328407520119,-0.00301659353943,-0.00159109023224,0.0,-0.00114744705648,0.00212992625783,0.0,-0.00196078494194,0.0,0.0,0.00193236775105,-0.000997506317125,0.0,-0.000962927373394,-0.000908677936218,0.00283420123588,-0.00615386557438,-0.00592301830312,-0.00105318598466,0.00488043916491,0.000925497520943,-0.00417537141048,0.0192204899401,0.0010887317352,0.00121580562089,0.0024875634718,0.00128617381074,-0.00140745976788,0.0,0.0,0.0013413818242,-0.00133779284166,0.0,0.0,0.0,0.0,0.0,0.0,0.0,-0.00122025640523,-0.00121580562089,0.00116754245604,0.00117716317301,0.0012247398959
13:41:00,-0.00110926245429,0.0039604012161,-0.00282885620048,0.0,0.0,,0.0,0.0,-0.00163800200424,-0.00156372197618,0.0,0.00441501820912,0.00306748706786,0.0,-0.010899290458,-0.00732604009207,0.00328407520119,0.00164338574373,0.00150943424885,-0.00159362583528,-0.0023201866557,0.00343839880303,-0.00106439605579,0.0,-0.000981836112257,-0.006806054469,-0.00285306898241,0.0028915682798,-0.00199800266267,0.0,0.000962927373394,0.0,-0.000943841504706,0.00264200946284,0.0,-0.00210970542385,0.0038872740884,-0.00556587707745,-0.0031430093972,0.0133483628234,0.00434311214717,0.0,0.00124146508806,-0.00128617381074,-0.00564973254212,0.00280112227971,0.0013306721857,0.0,0.00534046663132,0.0,0.0,0.00135043909787,-0.00133600554274,-0.00260416813839,-0.00130804466002,0.00251889301948,0.0,-0.00121728560375,-0.00116754245604,-0.00235571369246,0.0036652453983
13:42:00,-0.00111049428403,-0.00263852395818,-0.00425834568258,0.0,0.0,,0.0,0.0,0.0,0.00312500254314,0.00307219903697,0.0,0.00153022218077,0.00138217022695,0.010899290458,0.0058651194524,0.0,0.0,0.00301205046999,0.0,0.00116076623596,0.0,-0.00213219696984,-0.00215749814002,-0.00196656897204,-0.00587085834978,-0.000952834755272,0.00288323121408,0.000999500333083,-0.000966650631095,0.0,-0.000909504382841,0.00188679301258,0.0,-0.000990589481696,0.0,0.00193798510268,-0.00372787011401,0.00104876779408,0.00330943490137,-0.00434311214717,-0.00121580562089,-0.00124146508806,0.00128617381074,-0.00141743468097,-0.00139958035442,0.00265604405812,0.00133958492906,-0.00133244523378,0.0,0.0,0.0,0.0,-0.00261096754072,0.0,0.0,0.00122025640523,-0.00121876919413,-0.00351082865006,-0.00117994113985,0.00365186041877
13:43:00,-0.00222469502211,-0.00132187725792,-0.00427655676726,0.0,,0.0,0.0,0.0,0.0,0.00311526731695,0.0,-0.00146950797936,-0.00306278953055,0.00138026246896,0.00540541856691,-0.00292825977909,-0.00164068945746,0.0032786914617,0.0,-0.00319489089652,0.0115341532453,0.0,0.00213219696984,-0.00541419839087,-0.00592301830312,0.00587085834978,0.000952834755272,0.0028749420856,-0.000999500333083,0.000966650631095,0.00288323121408,0.0,-0.00283152619574,-0.00176056383503,-0.00895974137147,0.00421496935931,0.0048285946062,0.00279720462106,0.00209424160311,-0.00773912099296,-0.00326975768156,0.00121580562089,0.0,-0.00128617381074,-0.00141944665423,-0.00140154192529,-0.00132714020806,-0.00133958492906,-0.00133422301314,-0.00133422301314,0.00135043909787,-0.00135043909787,0.0,0.00261096754072,-0.00130975788206,0.0,-0.00122025640523,0.00243605479788,0.00234192144508,0.00117994113985,-0.00243309122464
13:44:00,-0.00334635002734,0.0,0.00995033085317,0.0,0.0,0.0,,0.0,0.0,-0.00155642054766,-0.00307219903697,0.00146950797936,0.00153256734978,-0.00138026246896,-0.00405132221918,-0.00293685967331,-0.0032894766504,0.0,0.0,-0.00160128136697,0.00114613193062,0.0,0.00106439605579,-0.00544367158118,0.00296589441338,0.000975134158206,-0.00190657827058,0.0,0.00199800266267,0.0,0.0,-0.00273348689566,-0.00568721912059,0.00176056383503,0.00995033085317,0.0,0.0114943794257,0.00371747640013,0.00521649591889,-0.00668153933348,-0.00109229939861,-0.00121580562089,-0.0012430082396,0.0,0.0,-0.00140350900232,0.00265252144913,-0.0013413818242,0.00399734043262,0.0,0.00134861787129,-0.00135226525001,0.00133600554274,0.00390371348047,0.0,-0.0012586534072,0.00122025640523,0.00121580562089,0.00116890720498,-0.00117994113985,0.00121728560375
13:45:00,-0.00111794310134,0.0,0.00564176390667,0.0,0.0,0.0,0.0,0.0,-0.00164068945746,0.00155642054766,0.0,0.00293255342128,0.00305810635882,-0.00276625349289,0.00135226525001,0.00293685967331,0.00164609090667,0.00489796897555,-0.00603320080417,0.00479617226349,-0.0022935789871,-0.00343839880303,-0.00106439605579,-0.00547346741417,0.0,-0.000975134158206,0.00095374351531,-0.00191570939814,-0.00299850299626,0.00193050253006,0.00383142231156,-0.00365631120311,-0.00190295014609,-0.00440723498741,0.00592301830312,0.00105097224598,0.00380228594974,-0.00464900883824,-0.00104112450841,-0.00560225554867,-0.00328407520119,0.0,0.0,0.0,0.00141944665423,0.0,-0.00132538124107,0.0,0.00132890385005,0.00133422301314,0.0,-0.00135409634773,0.0,0.0,0.0,0.0012586534072,0.0,0.0,0.0,0.00117994113985,-0.00121728560375
13:46:00,0.0,0.00921665510492,-0.00564176390667,0.0,0.0,0.0,,0.0,0.0,0.00155400186673,-0.00308166653741,0.00292397869144,-0.00152788417805,-0.00416378117178,-0.00406229400888,-0.00146735169395,0.00328407520119,0.00325203538638,0.00302115033418,0.0,0.00114744705648,-0.00114876520387,0.00531068693724,0.00438116801556,0.0019723872272,-0.000976085973055,-0.00095374351531,-0.00480539127494,0.00100050033358,0.0,0.0,0.0,-0.00190657827058,-0.00353982670512,0.0029484050843,0.00314630568937,-0.00475512070501,-0.00373483160565,0.0,-0.00789626212223,-0.00549753995919,-0.00121728560375,0.0012430082396,-0.0025773210143,0.0028328630843,0.00420463128203,-0.00265604405812,0.00268096675326,0.0,-0.00133422301314,0.0,0.00135409634773,0.0,-0.00260078170006,-0.00131147559781,0.0,-0.00122025640523,0.0012143292324,0.00116754245604,-0.00117994113985,-0.00488401459243
13:47:00,0.00223463780142,-0.00393959800408,-0.00141542840333,0.0,,,0.0,0.0,0.00164068945746,0.00155159069142,0.0,-0.00146092063967,-0.00153022218077,0.00416378117178,-0.0095433580469,0.00146735169395,0.0,-0.001624695727,-0.00150943424885,0.00159362583528,-0.00114744705648,-0.00115008638324,0.0,0.0,0.0,-0.0019550348358,-0.00095465401045,0.000962927373394,0.0,0.0019267828697,-0.00191387618228,-0.00366972888896,0.0,0.0,0.00587085834978,-0.00104766903244,-0.00861661626088,0.0018691594227,-0.00208550649102,0.00451978170562,0.00878161516038,0.00121728560375,-0.0012430082396,0.0,0.00141342779715,-0.00139958035442,0.00132890385005,-0.00133958492906,-0.00265957603576,0.00133422301314,0.0,-0.00135409634773,0.0,0.00260078170006,0.0,-0.0012586534072,0.00122025640523,-0.0012143292324,0.00233100338648,-0.00236406729488,-0.00245098161914
13:48:00,0.00445435034938,-0.00131665588475,-0.00710735045865,0.00163532334073,0.0,,0.0,0.0,-0.00328407520119,-0.00466201310581,0.0,-0.00146305805176,-0.00306748706786,0.00690133864069,0.00546449447208,0.00292825977909,0.00327332534497,-0.00162733965938,-0.00151171608532,0.00159109023224,-0.00575706829007,-0.00115141060504,0.00633581844909,0.0,0.00098473666254,-0.00392157365318,-0.00286944242795,-0.000962927373394,0.000999500333083,0.0,-0.000958313441812,0.0,0.00475964725299,-0.00177462335837,-0.000976085973055,-0.00104876779408,0.00096107647955,0.00558660670864,-0.00733371542547,0.0112108797492,0.00109229939861,0.0,0.0,-0.00258398076592,0.0,0.00139958035442,0.0,0.0,-0.00133244523378,0.0,0.00134680155038,-0.00135593241114,0.00133422301314,-0.00129954534209,0.00131147559781,0.0,0.0,0.00242718565761,0.00348634867944,-0.00118413276122,-0.00122774723832
13:49:00,0.00221975673831,0.0,-0.00715822670017,0.00975617494536,0.0,,0.0,0.0,-0.00494642393533,0.00155642054766,0.0,-0.00146520172733,-0.00153727931889,-0.00551725537475,0.00272109011436,0.00146092063967,0.00488998529419,-0.00162999221093,0.00452830962475,-0.00478088560034,0.0,0.00230149698828,0.0042016868537,-0.00109349382137,0.0,-0.00196656897204,-0.00287769982762,-0.000963855496307,-0.000999500333083,0.0,-0.00095923268746,0.00366972888896,0.00473710028427,0.000887705340141,-0.00391389932114,-0.00315291905962,-0.00096107647955,0.00370714048282,-0.00210526393546,-0.0044692811823,0.0,0.0,0.0,0.0,0.0,0.0,0.00132714020806,0.00133958492906,0.00133244523378,0.0,0.0,-0.00135777346046,-0.00133422301314,-0.00130123635797,0.0,0.0012586534072,0.0,0.0,0.00693644399666,0.0,-0.00122925645473
13:50:00,0.0,0.0,-0.00287769982762,0.00805806132976,0.0,,0.0,0.0,-0.00331126130366,-0.00311526731695,-0.00154440185137,-0.00146735169395,-0.00153964618559,-0.00554786443772,-0.00272109011436,0.00291545396012,-0.00325733187031,0.00325733187031,-0.00150715929057,0.0,0.00230680609792,0.00114876520387,0.0186921330122,0.00327690080231,0.0,-0.00691360778482,-0.00288600488914,0.0,0.000999500333083,-0.000962927373394,0.0,0.00638979809877,0.0,0.000886918018228,-0.00196270916785,0.0010520779508,0.00956945101615,0.00461468285467,-0.00105429635491,-0.0123945248697,0.0,0.0,-0.0012445552322,-0.00129449856265,0.0,-0.00280112227971,-0.00132714020806,0.0,0.0,-0.00133422301314,0.00134499011533,-0.00135961951604,0.0,-0.00391389932114,0.00130975788206,-0.00251889301948,0.0,0.0,0.00803217169726,0.0,-0.00123076938613
13:51:00,-0.00221975673831,-0.00660940938767,0.0,-0.00805806132976,0.0,,0.0,0.0,-0.00665559861174,0.0,0.00154440185137,-0.00146950797936,0.00153964618559,0.0,0.00678889233369,-0.00145666449646,0.00162999221093,-0.00162733965938,0.00751318335078,0.0,0.00115141060504,0.0,-0.0113813954901,0.0,0.000983767910133,-0.00198412763505,0.00192492840958,-0.000964785410099,0.00099850232959,0.0,0.00095923268746,0.000909504382841,0.0,-0.000886918018228,-0.000982801061908,0.00628932890756,0.0,0.00275862243908,0.00526040139918,-0.00340715832161,0.00218102594636,0.00121580562089,-0.00124610608025,0.00129449856265,-0.00566573753568,-0.00140350900232,-0.00132890385005,0.0,-0.00133244523378,0.00133422301314,0.0,-0.00272479732619,0.00133422301314,0.00130633591406,-0.00130975788206,0.0,-0.00122025640523,-0.00121285642521,0.00456101132756,0.00118413276122,0.00123076938613
13:52:00,0.00332779009267,0.0,-0.00433213673913,-0.00975617494536,0.0,,0.0,0.0,-0.0083822787528,-0.00312500254314,0.00461894585629,0.0,0.0,-0.00139178867282,0.00539812376956,-0.00145878946366,0.00325203538638,0.00162733965938,0.00298953884837,0.0031897953681,0.0,0.00343839880303,-0.00104112450841,0.00868626525596,-0.00196850457267,0.00791299875733,0.00288046286535,0.00192864090641,0.0,-0.000963855496307,0.000958313441812,0.0,0.00188857468787,0.00354296207634,0.0,0.00208768343048,0.00285306898241,-0.00644866352653,-0.00631581046812,0.0,0.0021762794226,-0.00121580562089,0.0,0.00129282500231,0.00566573753568,0.00140350900232,-0.0013306721857,0.0,0.00133244523378,0.0,0.0,0.00272479732619,0.0,0.0,0.0,0.00126023961229,0.0,-0.00243013485329,-0.00456101132756,0.0,0.0
13:53:00,0.0,0.00132538124107,0.00577202179712,0.00163265342389,0.0,,0.0,0.0,0.0033613477027,0.00312500254314,-0.00153727931889,0.00293685967331,0.0,0.0,0.0,0.0,0.00162206037187,-0.00162733965938,0.0,-0.0031897953681,0.00115008638324,0.00228571528086,0.00415801014866,-0.00216450300957,0.00491401480243,0.00393314174684,0.0028721896241,0.0,0.0,-0.000964785410099,0.0,-0.00273099851123,0.00470589103741,0.00353045379938,0.0,0.00104220957844,0.00284495213223,-0.00277649414829,0.0,0.012436565041,0.00325556445977,0.0,-0.00124766079816,0.0,-0.00282885620048,0.00140154192529,-0.00133244523378,-0.00133958492906,-0.00133244523378,0.00133244523378,0.0,0.00135961951604,0.00133244523378,0.00130463162666,0.0,0.0,-0.00122174725032,0.00243013485329,-0.00114351070208,-0.00118413276122,0.00245700369305
13:54:00,0.00221239028294,0.00132362693051,-0.00432588994712,-0.00163265342389,,,0.0,0.0,0.0066889881508,0.00155884676929,0.0,0.00146520172733,0.00153727931889,0.0,0.0,0.0,-0.00162206037187,0.0,0.0,0.00636944828548,0.0,0.0,-0.00207684394484,0.00216450300957,0.00293685967331,0.00196078494194,0.000955566245669,0.0,0.0,0.0,-0.000958313441812,-0.00091199276727,0.0,0.0,0.00392542211611,0.00312012733624,-0.00284495213223,-0.0027842245364,0.00631581046812,0.00783439933261,0.00216450300957,-0.00243605479788,0.0,-0.00129282500231,0.00282885620048,0.00139958035442,0.0,0.0,-0.00133422301314,0.0,0.0,0.0,0.0013306721857,0.0,0.00130975788206,0.0,0.00244200365555,0.0,-0.00229095174656,-0.0011855365941,0.00122624172324
13:55:00,0.00550965581097,0.0,0.00144404357223,0.00488998529419,0.0,,,0.0,0.00664454271867,0.00311042241439,-0.00153964618559,0.00292397869144,0.0,0.00139178867282,0.0,-0.00146092063967,0.0,0.0,-0.00749067172916,0.00632913505165,0.00229621226035,0.00228050269873,-0.00416667269485,0.00539084863488,0.00292825977909,-0.000979911886349,0.00095465401045,-0.0048285946062,0.000997506317125,-0.000965717119959,0.000958313441812,0.0,-0.00187969980158,-0.000881445627805,0.000978952598984,0.00103788281242,-0.00190114125702,0.00371057939654,0.00418848779875,0.00222717241282,0.00108049713375,0.0,0.0024937668784,-0.00259067502409,0.00563381771826,0.00139762426664,0.00133244523378,0.00133958492906,-0.00133600554274,0.0013306721857,0.00134318354647,0.00135777346046,-0.0013306721857,0.0,0.0,0.0012586534072,0.00121876919413,-0.0012143292324,0.00229095174656,0.0011855365941,-0.00122624172324
13:56:00,-0.00109950533342,0.00790517950711,-0.0043384015986,-0.00488998529419,0.0,,0.0,0.0,0.00165426009603,0.00464756839655,0.00153964618559,0.0,-0.00153727931889,0.0,-0.00404585851954,-0.00146305805176,-0.00325203538638,0.00162733965938,0.0,0.00157604445547,0.00114613193062,0.0,-0.00733371542547,0.0,0.0019474202844,-0.00196270916785,-0.00191022025612,0.0,0.000996512289739,-0.000966650631095,-0.000958313441812,0.00182315456152,-0.0047147659237,0.00264200946284,0.00779731046003,0.00103680672844,-0.00381316000641,0.0,0.00208768343048,-0.0123112914795,0.0,0.0,0.0,0.0,0.0,0.00139567363897,0.0013306721857,0.0,0.00133600554274,-0.0013306721857,0.0,0.0,-0.00133244523378,0.00130293178042,0.0,0.0,0.00121728560375,0.0012143292324,0.00228571528086,-0.0047506027586,0.0
13:57:00,-0.0033057881345,0.0104439591611,-0.00290275965796,0.0,,,0.0,0.00165975141836,-0.0082988028147,0.0,0.00153727931889,-0.00146092063967,0.00307219903697,0.00554786443772,-0.00542006746934,-0.00293255342128,-0.00162999221093,0.0,-0.00301205046999,-0.00315457674852,0.00228833051801,0.0,0.00419727793534,0.00107469112977,-0.000973236086552,-0.00196656897204,-0.000956480225957,0.0,0.000995520241502,0.000966650631095,0.000958313441812,0.0,-0.00663824154129,0.00175746969665,0.00387597384469,-0.00103680672844,-0.000955566245669,0.0,0.0,-0.00112676068259,0.0,0.0,0.0,0.00129617646145,-0.00281294137661,-0.00139567363897,0.0,0.0,-0.00133600554274,0.0,-0.00134318354647,-0.00135777346046,0.00133244523378,0.0,0.0,0.0,-0.00121728560375,0.0,-0.00228571528086,-0.00357782134788,-0.00245700369305
13:58:00,-0.00775627157136,-0.0183491386682,-0.0102265317838,-0.00163532334073,0.0,,0.0,-0.00165975141836,0.0,0.0,0.00153491971808,-0.00146305805176,0.00153256734978,0.0,0.00406780221933,-0.00146950797936,-0.00163265342389,0.00486618965117,0.00150715929057,-0.00158102799732,0.00228310601457,0.00341103230106,0.0,0.00321716095178,0.0,-0.00295712388974,0.0,0.0,0.0,0.00193050253006,0.00191387618228,-0.00823049913652,-0.000951927725382,-0.000878348760906,0.000966650631095,0.0,0.0038167985267,-0.000926354860131,-0.00208768343048,0.00674159856692,-0.00432901108959,-0.00122025640523,0.0,-0.00129617646145,0.0,0.0,-0.0013306721857,0.0026737983844,-0.00267737777072,0.0013306721857,0.00134318354647,0.00135777346046,-0.00133244523378,-0.00130293178042,-0.00130975788206,0.00125707119005,0.00243309122464,0.0,0.0,0.0,-0.0024630554324
13:59:00,0.00111172885269,-0.00264900817158,0.0,0.0,0.0,,0.0,0.00165975141836,0.0,-0.0015467907183,0.0,-0.00440206140064,-0.00153256734978,-0.00138408326594,0.00539812376956,0.00146950797936,-0.00163532334073,0.0,0.00300752106396,-0.00158353160564,0.0,-0.00113571846393,-0.00104766903244,0.0,-0.00390244397693,0.00394089179988,0.000956480225957,0.0,-0.000995520241502,0.0,0.0,-0.00183823581175,0.00285306898241,-0.00175901540518,0.0,-0.00415801014866,0.00285306898241,-0.00185528810175,-0.00209205097222,0.00780818244781,-0.0043478329361,0.00122025640523,0.0,0.00129617646145,-0.00140944350323,0.0,0.0013306721857,0.0,0.00133958492906,-0.0013306721857,-0.00134318354647,0.0,0.0,0.0,0.00130975788206,0.0,0.0012143292324,0.0,-0.00229095174656,-0.00239234563862,0.0024630554324
14:00:00,0.00332779009267,0.0,0.00146735169395,0.0,,,0.0,-0.00165975141836,0.00166527931906,0.0,0.0,0.00146950797936,0.00763945655796,-0.00138600160788,0.0,0.0,0.0,0.00323102058145,0.00150037537523,-0.00317460584077,-0.00114090143579,0.0,-0.0031496089029,0.0,-0.00195694778696,0.00294551022976,-0.000956480225957,0.000967585948736,-0.00199401860686,0.000963855496307,0.000955566245669,-0.000920386627329,0.00568183346743,-0.00441112316498,-0.00678625968436,-0.00941922191649,0.000949216967332,-0.00932842585464,-0.00524935588614,0.0110498361866,0.0,0.0,0.0024875634718,-0.00129617646145,0.0,-0.00139762426664,0.00132890385005,0.0,-0.00133958492906,0.00265957603576,0.00134318354647,-0.0027173929765,-0.00133422301314,-0.00130463162666,0.0,0.00125549294583,0.0,0.0,0.00229095174656,0.00358637563123,-0.0024630554324
14:01:00,0.0,0.00264900817158,0.00146520172733,0.0,,,0.0,0.0,0.00166251077361,-0.00154918698683,0.0,0.0,0.0136056520558,0.00138600160788,-0.00134680155038,-0.00589103323724,0.00489796897555,0.00482704074832,-0.00150037537523,0.00317460584077,0.0,0.00113571846393,0.0,0.0,0.00391007340784,-0.000980873055592,-0.0028749420856,0.000966650631095,-0.00199800266267,0.0,0.00761183503963,0.000920386627329,0.00188679301258,0.00529101763442,0.000972289818939,0.00419727793534,-0.00189933580365,0.00187265972329,-0.00210748233956,0.00547946576463,0.0010887317352,0.0,0.00124146508806,0.0,0.0,0.00279329790561,0.0,0.0,0.0,0.0,-0.00134318354647,0.00135961951604,0.0,0.0,0.0,0.0,-0.0012143292324,0.00242424361151,0.00228571528086,0.00238379135528,-0.00123380644893
14:02:00,-0.00443951894536,-0.00132362693051,0.0101967380205,0.0,0.0,,0.0,0.0,0.00331675262599,0.0,0.0,-0.00146950797936,0.00299850299626,0.00138408326594,0.0,0.0,0.00325203538638,-0.00321543685397,-0.00150262988453,0.00158353160564,0.00114090143579,-0.00341103230106,-0.0010520779508,-0.00429185208154,-0.00587085834978,0.0,0.0,0.0,0.0,-0.000963855496307,-0.00665718102918,-0.005535069482,-0.00283152619574,0.00175746969665,0.00194174818291,0.0,-0.00285578490136,-0.00374883288152,-0.00105540906894,0.0151846735383,0.00434311214717,0.00121876919413,0.0,-0.0012978587156,0.00140944350323,0.0,0.00397614837964,-0.00133600554274,0.00267737777072,-0.00132890385005,0.0,0.0,0.00133422301314,0.00130463162666,0.00130804466002,0.0,-0.00121580562089,0.00120992150271,0.00228050269873,0.00237812240497,-0.00619197024792
14:03:00,0.00111172885269,0.0,0.00289435802636,0.0,0.0,,0.0,0.0,0.00495459312468,0.0,0.00611622701744,-0.00294551022976,0.00298953884837,0.0,0.0,0.00147601502812,0.00324149392417,-0.00322580924888,-0.00150489117942,-0.00158353160564,-0.00114090143579,0.00341103230106,0.0,-0.00107584733346,-0.00393314174684,0.00196078494194,-0.000960153698343,0.000965717119959,-0.00100050033358,0.000963855496307,0.00570886422032,0.000924641767219,0.000944733183162,-0.00263736416609,0.00290557105141,0.0,0.00190476248065,0.0,0.0,0.0160174273317,0.00108283713883,0.0,0.0,0.0,0.00421645037893,0.0,-0.00397614837964,-0.00133779284166,0.0,0.0,0.00134318354647,0.0,0.0,0.0,-0.00130804466002,-0.00125549294583,-0.00121728560375,0.0,0.00227531383714,0.0,-0.00623054975064
14:04:00,0.0,-0.00132538124107,-0.00144613185,0.0,,0.0,0.0,0.0,0.0,0.00154918698683,0.00152322954052,-0.00147601502812,-0.00448766646939,0.00414079266603,0.00134680155038,-0.00147601502812,0.0128619136424,-0.00161681522691,-0.00150715929057,-0.00317460584077,0.00114090143579,0.0,0.0,-0.00431500130141,-0.00493828164058,-0.000979911886349,-0.00192307751574,-0.00386847677792,-0.00100150233709,0.0,-0.00189933580365,0.000923787594564,0.00282885620048,0.00351494210744,0.0,-0.0063025418708,0.000951022420704,0.00655126348722,0.0,0.00633581844909,0.00108166587074,0.0,-0.00124146508806,-0.00129954534209,0.00280112227971,-0.00279329790561,-0.00132890385005,0.00133779284166,-0.00133779284166,-0.0013306721857,0.0013413818242,-0.00135961951604,0.00133244523378,0.0,0.00130804466002,0.00250941160543,-0.00243902559936,0.0024154601116,-0.00113700978708,0.00237248035363,-0.00501254182354
14:05:00,-0.00111172885269,0.0,-0.00144822617636,0.0,0.0,,,0.0,0.00820349145283,0.00309119256967,0.0030395160179,-0.00295858203975,-0.00450789643919,0.00549451931764,-0.00539812376956,-0.00592594326755,0.00159616953282,0.00161681522691,-0.00150943424885,-0.00478088560034,0.00113960126293,0.00113443007061,0.00315291905962,0.00323799527378,-0.00297471711674,0.000979911886349,-0.0028915682798,0.00193610902687,0.00300150300376,-0.000963855496307,0.0,0.00184501897357,0.0,0.0043763745998,0.00193236775105,0.0063025418708,0.00189933580365,0.00279459893102,0.0,-0.00633581844909,-0.00216450300957,-0.00121876919413,0.00124146508806,0.0,0.00139762426664,-0.00139958035442,-0.0013306721857,-0.00133779284166,0.00133779284166,-0.00266666824692,0.00133958492906,-0.00136147059832,0.0,0.00130293178042,0.0,0.0,0.0,0.00120554565535,-0.00227790531299,-0.0011855365941,-0.00251572459725
14:06:00,0.0,0.0,-0.00727275932908,0.00652530863492,0.0,0.0,0.0,0.00165975141836,0.0,0.00461894585629,0.0,0.00295858203975,0.00300752106396,0.00136892560734,-0.00951740698689,0.0,0.0,0.00161420535454,-0.00151171608532,-0.0015987213637,0.00113830405006,-0.00113443007061,0.00523287431666,0.00322754449087,0.000992555912751,-0.000979911886349,-0.00580834159575,-0.00193610902687,-0.000999500333083,0.000963855496307,0.00189933580365,0.0036798569584,-0.000942063187901,0.00522649273354,0.00481464579554,0.0,-0.00189933580365,0.000929800159967,0.0,-0.00531068693724,0.00108283713883,0.00121876919413,-0.00248447332766,0.00129954534209,0.00139567363897,0.00139958035442,0.0,0.00133779284166,-0.00133779284166,0.00133422301314,-0.00133958492906,0.00543479598596,0.0,-0.00130293178042,0.0,-0.00125391865959,0.0,-0.00120554565535,-0.00342661671665,-0.00237529802891,0.00377121754308
14:07:00,-0.00222717241282,0.0,-0.00732604009207,-0.00488998529419,0.0,,0.0,0.00496278934213,-0.00491401480243,0.00306748706786,-0.0030395160179,-0.00741293238913,0.00747946643129,-0.00411241155309,0.00136518792534,0.00148478126758,-0.0112270625938,0.0,-0.00151400483122,0.0015987213637,0.0,-0.00113571846393,0.00208550649102,0.00214592357028,0.00198216120399,0.000979911886349,0.00193986481783,-0.00291121020746,-0.00100050033358,-0.000963855496307,0.000948316808859,0.00458086004897,0.000942063187901,0.00260303834616,0.0019193863858,0.00313643749013,-0.00190295014609,0.00371057939654,0.0,0.00953902304676,0.00754720563538,-0.00121876919413,0.0,0.0,-0.00279329790561,-0.00280112227971,0.0013306721857,-0.00267737777072,0.0,0.0,0.00133958492906,0.00135409634773,0.0,0.0,-0.00130804466002,-0.00125549294583,-0.00244498899307,-0.00120700075004,-0.00343839880303,-0.00238095350574,0.00874459038875
14:08:00,-0.00223214378394,0.0,0.00732604009207,-0.00163532334073,0.0,,,-0.0033057881345,-0.00493828164058,0.0,0.00152091284071,0.00741293238913,0.011851990587,-0.00412939334201,0.00544219030269,-0.00297177038916,0.0,-0.00161420535454,-0.00151630051796,0.00159616953282,0.00113700978708,0.00113571846393,-0.00104220957844,0.00641027836092,0.000989609185166,-0.0029426210542,0.0,0.000971345389632,0.0,-0.000964785410099,0.0,-0.00182982667708,-0.00188501469577,-0.00347222571075,-0.00095923268746,0.00416667269485,-0.000952834755272,-0.0046403795565,0.0,-0.00105540906894,0.00107353740852,0.0,-0.0012445552322,-0.00129954534209,-0.00280112227971,0.00140154192529,0.00132890385005,-0.0013413818242,0.0,0.0,0.0,0.0,0.0,0.00390371348047,-0.00262123347987,0.00125549294583,0.0,0.0,0.0022935789871,-0.00119260598512,0.00248447332766
14:09:00,-0.00223713739836,0.0,-0.00732604009207,0.0,0.0,,0.0,-0.00331675262599,0.00493828164058,0.0,-0.00152091284071,0.00147601502812,0.0160704700326,0.00275482267884,0.00271002875887,0.00148698912158,0.00643089033029,-0.00161681522691,-0.00456274555842,0.00318471606752,-0.00113700978708,-0.00113571846393,-0.00313316183204,0.00531068693724,0.00098863082694,-0.00196656897204,0.00483326218802,0.000970402793279,0.00100050033358,0.0,0.00189393996007,-0.00091617047178,-0.00378072283991,-0.00261210422793,-0.00192123017789,0.0,0.00759737747394,-0.00840733583597,0.0,-0.0063559536007,0.0,-0.00122025640523,0.0,0.0,-0.00280899061106,0.0,0.0,0.0,0.00133779284166,0.0,0.00133779284166,-0.00135409634773,0.0,-0.00129954534209,0.0,0.00125391865959,-0.00245098161914,0.00241254640538,-0.00114613193062,0.00119260598512,0.00371517455186
14:10:00,0.00335383209843,0.0,0.0,0.0,,,0.0,0.0,0.00491401480243,0.0,0.0,-0.00147601502812,0.0100938131692,-0.00137646270872,-0.00678889233369,-0.00148698912158,0.00638979809877,0.00161681522691,0.00607904607638,-0.00478088560034,-0.00227790531299,-0.00113700978708,-0.0031430093972,0.00211640290638,0.000987654401273,-0.00098473666254,0.0019267828697,0.000969462024548,-0.00100050033358,0.0,0.00283420123588,-0.000917010609881,-0.00284495213223,0.00348129159251,-0.00966191091174,-0.00312337578227,0.00377715274375,0.00374532273016,0.0,-0.017149402073,0.0,0.00243902559936,-0.00124610608025,-0.00130123635797,0.0,0.0,0.0,0.0,0.0,0.00133244523378,0.00133600554274,0.00405680069561,0.0013306721857,0.0,0.0,0.0,0.00122624172324,-0.00120554565535,-0.00114744705648,-0.00119260598512,0.0
14:11:00,0.00222965532727,0.0,0.00146950797936,0.0,0.0,,0.0,0.0,0.0,0.00305810635882,0.0,-0.00295858203975,-0.0100938131692,0.00137646270872,-0.00409556886474,0.00148698912158,0.00317965291738,0.00161420535454,0.00151400483122,0.0031897953681,0.00113960126293,-0.00113830405006,0.0,0.00632246573949,0.0019723872272,-0.000985707324759,0.00192307751574,-0.000969462024548,0.00100050033358,-0.00193236775105,-0.00188857468787,-0.0018365478073,0.00379147373626,-0.00173913087313,-0.00681931527205,-0.00942909028885,0.00470146611181,-0.00187090793581,0.0,-0.0097773728383,-0.00430108189939,0.00121728560375,-0.00124766079816,-0.00391389932114,0.0,-0.00140154192529,0.0,0.0,0.00133600554274,-0.00133244523378,-0.00133600554274,-0.00135043909787,-0.0013306721857,-0.00130123635797,0.0,0.0,0.0,0.0,0.00114744705648,0.0,-0.00619964787953
14:12:00,-0.00222965532727,0.0,-0.00146950797936,0.00163532334073,0.0,,0.0,0.0,-0.00327332534497,0.00304878284936,0.00152091284071,0.0,-0.00145032657765,-0.00137646270872,-0.00136892560734,0.0029673612278,0.00158604315563,0.00161160389434,0.00151171608532,0.0,-0.00456621797958,0.0,0.00104876779408,0.00732604009207,0.00196850457267,0.000985707324759,-0.00192307751574,-0.000970402793279,0.000999500333083,-0.00290557105141,0.0,-0.00276116144133,0.000945626548007,-0.00523561405394,0.00487568006348,0.00210305019678,0.00374532273016,0.00373832211061,0.0,0.00435730536896,-0.00431966114452,0.0,0.0,-0.00261780254208,0.0,0.00280112227971,0.00132714020806,0.00268096675326,-0.00401338331346,0.00133244523378,0.0,0.0,0.0013306721857,0.00130123635797,0.00131147559781,0.0,-0.00245398896157,0.0,-0.00229621226035,-0.00119402999261,-0.0012445552322
14:13:00,0.00334262149669,0.0,0.0058651194524,-0.00163532334073,0.0,0.0,0.0,0.0,0.0,0.0,0.0,0.0,0.0257893948829,0.00137646270872,-0.00274348594575,-0.0029673612278,-0.00158604315563,0.00642056780292,-0.0075815374524,0.00634922767866,-0.00458716400691,-0.00113960126293,0.00104766903244,0.00520021972711,-0.000983767910133,0.00196850457267,0.0,-0.00389105549297,-0.000999500333083,-0.00194174818291,0.0,0.000921234519321,0.00188857468787,0.0,0.000972289818939,0.00104986886284,0.00279981517475,0.00186393343806,0.0,0.00325556445977,-0.005425949286,-0.00243605479788,-0.00250000130208,-0.00131147559781,-0.00140745976788,0.00279329790561,0.00132538124107,0.0026737983844,0.0,-0.00133244523378,0.00133600554274,0.0,-0.0013306721857,0.0,-0.00262467342277,0.00125234831647,-0.00122925645473,-0.00120700075004,0.0,-0.00239234563862,-0.00124610608025
14:14:00,-0.00334262149669,0.0,-0.00146305805176,0.0,0.0,,0.0,0.0,-0.00164068945746,0.0,0.0,0.00295858203975,0.0154389031517,-0.00137646270872,-0.00275103337189,-0.00148698912158,-0.00477327875266,0.0015987213637,-0.00304878284936,0.0,-0.00230149698828,0.0,0.00104657257067,0.00207253960197,-0.00098473666254,0.00196463717416,-0.0019267828697,-0.000975134158206,0.0,-0.00878482955573,0.00188857468787,-0.00461468285467,0.00094295150787,-0.00350570034763,-0.000972289818939,0.00627617122924,0.0,0.00557104504946,0.0,0.0139862419747,-0.00545555090154,0.0,-0.00879955395185,0.0,-0.00282087634164,-0.00139567363897,-0.00132538124107,-0.00133600554274,0.0,0.0,-0.00133600554274,0.00135043909787,0.0,0.00129954534209,0.00131319782496,0.00125078190165,0.0036832454163,-0.00120845936157,-0.00115008638324,0.00119688823385,0.00621506040343
14:15:00,-0.00896866998276,0.0,-0.00146520172733,0.00977206473379,0.0,,0.0,0.0,0.0032786914617,-0.00304878284936,0.00303490369515,0.0,-0.0253892340048,-0.00137835997012,0.00959568706186,-0.00298062813814,0.0,-0.0015987213637,0.00152555330884,-0.00794285351394,0.00115141060504,0.00227790531299,-0.00104657257067,0.00206825306406,0.00393314174684,0.000980873055592,-0.000964785410099,0.0,0.0,0.0058651194524,0.00094295150787,-0.00277906617027,0.00188323972797,-0.00351803353168,-0.000973236086552,-0.00208768343048,-0.000932400999951,0.0,0.0,0.00426439878646,0.00545555090154,-0.00244200365555,-0.00126342404677,0.00131147559781,-0.00141342779715,0.0,0.0,-0.00401875959492,0.00267737777072,0.00133244523378,0.00133600554274,-0.00135043909787,0.0,-0.00129954534209,0.0,-0.00125078190165,-0.0036832454163,0.0,0.00115008638324,-0.00479617226349,-0.00248139085138
14:16:00,-0.0170361871526,0.0,0.00292825977909,-0.00813674139306,0.0,0.0,0.0,0.0,0.00163532334073,-0.00305810635882,0.00151400483122,0.00147601502812,0.00569802111464,-0.00138026246896,-0.00136518792534,-0.00448766646939,-0.00479617226349,-0.00160128136697,0.0,0.0,0.00229885158711,0.00113700978708,-0.00209643682653,-0.00206825306406,0.000980873055592,0.0,0.0,0.00194931835605,0.0,0.00291971010333,0.000942063187901,-0.00278681090718,0.00469264117819,-0.00353045379938,-0.00585939176389,-0.00104547840155,0.0,-0.00185356864932,0.0,-0.00854706057846,0.00434311214717,0.0,0.00378549347948,-0.00131147559781,0.00141342779715,-0.00139762426664,0.0,0.0013413818242,0.0,-0.00133244523378,0.00133422301314,0.00135043909787,0.0013306721857,0.00129954534209,0.00262123347987,0.00125078190165,0.0036832454163,0.0,0.0,-0.0108762401441,0.00371978110253
14:17:00,-0.00920604890772,0.0,0.00146092063967,-0.00163532334073,0.0,0.0,0.0,0.0,0.0,-0.00460476638675,0.00603320080417,0.0,-0.00855925339567,0.0,0.00544960476756,0.0,0.00638979809877,-0.00160384958197,0.0,-0.00319489089652,0.00343839880303,0.00113571846393,0.0,-0.00207253960197,-0.00196270916785,0.0,0.0028915682798,0.00291687129512,0.000999500333083,0.000971345389632,0.000941176540064,-0.00653292104162,0.00280505092761,-0.000884564409734,-0.00196078494194,-0.00104657257067,0.000932400999951,-0.00371747640013,0.0,-0.00753907717317,0.0,0.00122174725032,-0.00252206943271,0.0,0.0,0.0,0.0,-0.00268456537067,-0.00133779284166,0.0,0.0,0.0,-0.0013306721857,-0.00129954534209,0.0,0.00124921940043,0.0,-0.00120992150271,0.00344234419097,-0.00365186041877,-0.00123839025115
14:18:00,0.0,0.0,-0.00146092063967,0.0,0.0,,0.0,0.0,-0.00327332534497,-0.00308166653741,0.0,-0.00147601502812,0.00286123228103,-0.00554018037562,0.00406780221933,-0.00150037537523,0.00317965291738,-0.00321543685397,0.00456274555842,0.0,0.00114351070208,0.00226757466778,0.0,0.00310720084275,0.0,0.0,0.00384246390154,0.000970402793279,0.00099850232959,-0.000971345389632,-0.00188323972797,0.00467072311056,-0.000934142991797,-0.00177147964838,-0.00196463717416,-0.00104766903244,0.0,0.00371747640013,0.0,0.00323799527378,0.0,-0.00122174725032,-0.00126342404677,-0.00131319782496,0.00141143283841,0.00139762426664,0.00132538124107,-0.00134499011533,-0.00133958492906,0.00133244523378,0.00133244523378,0.0,0.0013306721857,-0.00130123635797,-0.00130975788206,0.0024937668784,0.00244798163864,0.00120992150271,0.0,-0.00488998529419,0.00123839025115
14:19:00,0.0171924005404,0.0,-0.00292825977909,0.0,0.0,,0.0,0.0,-0.00328407520119,0.00308166653741,0.0,-0.00147819686931,0.00569802111464,0.00554018037562,-0.00135409634773,0.0,-0.00158856268514,-0.00161160389434,-0.00151860317719,0.00319489089652,-0.00228833051801,0.0,0.00104876779408,-0.00103466124078,-0.000982801061908,-0.00196270916785,0.0028721896241,0.000969462024548,0.0,-0.00194552590549,-0.00188679301258,0.00464900883824,0.0,0.00530505222969,0.00294551022976,-0.00209863665692,0.00372093452569,0.0,0.0,0.00107700602764,-0.00325556445977,0.0,0.00378549347948,-0.00527010442424,0.0,0.00278940208758,0.0,-0.00269541942167,-0.0013413818242,0.0,-0.00133244523378,-0.00270270434789,0.00132890385005,0.00130123635797,0.00130975788206,0.0,-0.00244798163864,-0.00120992150271,-0.00114613193062,-0.00122624172324,-0.00620734457433
14:20:00,0.0101753280417,0.0,-0.00146735169395,0.00489796897555,0.0,,0.0,0.0,0.0,0.00307219903697,0.00150262988453,-0.00148038517043,0.00141944665423,0.0,-0.00407332538764,-0.0075358306887,-0.00637960696404,0.00643089033029,-0.00762780204889,0.00159362583528,-0.0022935789871,0.00339175000112,-0.00104876779408,0.00206825306406,0.000982801061908,-0.00196656897204,0.0038167985267,-0.000969462024548,0.000997506317125,0.0,-0.000944733183162,0.00462749553205,0.000934142991797,0.00439947915948,0.00293685967331,-0.00210305019678,0.000928074312554,0.0,0.0,0.00107584733346,0.0,0.0,0.0012586534072,-0.00529802563756,0.0,0.00416956823672,0.00132362693051,0.00134861787129,-0.00134318354647,0.0,-0.00133422301314,-0.00135409634773,0.0,0.00259740405769,0.00261438057407,0.0,0.00244798163864,-0.0012113871863,-0.00114744705648,0.00122624172324,-0.00374298627883
14:21:00,0.00112422721228,0.0,-0.00146950797936,-0.00489796897555,0.0,,0.0,0.0,0.0,0.0045906737086,-0.00150262988453,-0.0029673612278,-0.00711746776886,0.00275862243908,-0.00272479732619,-0.00911860421643,-0.00320513094895,0.00160128136697,-0.00460476638675,-0.0031897953681,0.0,0.00674918197493,0.0,0.0,-0.00196656897204,-0.0019704439873,0.000951927725382,0.000969462024548,-0.000997506317125,-0.000974184197843,0.00188857468787,-0.00184842936178,0.0,-0.00175746969665,0.0,-0.00421941554271,0.00185356864932,-0.000928074312554,0.0,-0.0151682214732,-0.0010875476874,0.0,0.0,0.00529802563756,0.00140944350323,0.0,0.00132187725792,0.00269179166571,-0.00269179166571,0.0,-0.00133600554274,0.00135409634773,0.00132714020806,-0.00389864041566,0.0,-0.00124610608025,0.0,0.0012113871863,0.0,0.00488998529419,-0.00250313021812
14:22:00,-0.012436565041,0.0,0.0,0.0,0.0,,0.0,0.0,0.00164338574373,0.0,0.0,-0.00148698912158,-0.00716848947861,0.0,-0.00410116774421,-0.00920251893116,-0.00321543685397,0.0015987213637,0.00153727931889,0.0031897953681,0.0,0.0100391250283,-0.00104986886284,-0.00103359182328,0.000983767910133,0.000985707324759,-0.00190476248065,0.00096852307813,-0.00099850232959,0.0,0.00094295150787,-0.00185185238107,0.0,0.0,-0.00293685967331,-0.00636269378783,0.0,-0.00652074970044,0.0,-0.0265502320941,-0.00655024176072,0.00122174725032,0.00125707119005,0.00395517984293,0.00281294137661,0.00138600160788,0.0,0.0,-0.00134861787129,-0.00133244523378,0.0,-0.00135409634773,0.0,0.00130123635797,0.00260756340708,-0.00249688019859,-0.00122324174274,0.0,-0.00114876520387,0.00486618965117,0.00250313021812
14:23:00,-0.0079954737762,0.0,-0.00147167061146,0.0,0.0,,0.0,0.0,0.00164068945746,-0.00305810635882,0.00749067172916,0.0,0.00143781476963,-0.00137835997012,0.00410116774421,-0.00463321292149,0.0,0.0031897953681,-0.00153727931889,-0.0047885167318,0.00114744705648,-0.00111049428403,-0.00210305019678,-0.00207039411431,0.0,0.00098473666254,-0.00190839752576,0.000967585948736,0.00099850232959,0.0,-0.00567109270382,0.0,-0.00280505092761,-0.00440723498741,-0.00491401480243,0.0,0.000925497520943,-0.006563549114,0.0,0.00447428039492,-0.00549150199368,0.00122025640523,-0.00377596420953,0.00131492458131,-0.00281294137661,0.0,0.0,0.00134318354647,-0.00135043909787,0.00266311741948,0.0,0.0,-0.00132714020806,0.00129954534209,0.00260078170006,0.0,0.0,-0.0012113871863,-0.00230149698828,-0.00243013485329,0.00498754151104
14:24:00,-0.00114744705648,0.0,0.0,0.0,0.0,,0.0,0.0,0.0,0.00153022218077,0.00446761725972,0.0,0.0114286958236,-0.00414651596185,0.00136332672786,-0.00154918698683,0.0,0.0,-0.00772204609391,0.0,0.0,0.00221975673831,-0.00527705710084,-0.0051948168771,-0.000983767910133,0.000983767910133,0.00095465401045,0.000966650631095,0.000997506317125,0.000974184197843,-0.00379867503322,-0.010246945738,-0.00375234961855,-0.00265369461347,-0.00394867245542,-0.00747467441671,0.0,-0.0047147659237,0.0,0.00556484463341,0.00110071557619,0.0,0.0,-0.00263158046606,0.00561799230422,-0.00138600160788,0.0,-0.0026881736618,-0.00135226525001,0.0,0.00133600554274,0.0,0.0,0.0,0.00388853373969,0.0,-0.0012247398959,0.0,-0.00115273787981,0.00121580562089,-0.00249066131245
14:25:00,0.00914292083267,0.00132538124107,0.0,0.0,0.0,,0.0,0.0,0.00163800200424,-0.00306278953055,0.0029673612278,0.00148698912158,0.015504186536,0.00276625349289,0.00136147059832,0.0,0.0016090108057,-0.00159362583528,0.0,0.0,0.00343446244863,-0.00110926245429,-0.00317965291738,-0.00522194398115,-0.0019704439873,0.00196463717416,-0.00286670048208,0.0,0.000996512289739,-0.000974184197843,0.000951022420704,0.00653292104162,-0.00188146809971,-0.00354924951114,-0.00495786836079,0.00321027563025,0.0,-0.000945626548007,0.0,0.00221729580865,0.00219780308248,-0.00122025640523,-0.00379027617378,-0.00263852395818,-0.00561799230422,0.00415225510077,0.0,0.00134499011533,0.00270270434789,0.00132890385005,-0.00133600554274,0.0,0.0,-0.00129954534209,-0.00259067502409,-0.00250313021812,0.0,0.0,-0.00115406821811,-0.00365186041877,0.00124610608025
14:26:00,0.00680274732275,0.00264550418842,0.0,0.0,0.0,,0.0,0.0,-0.0032786914617,0.00153256734978,0.00148038517043,0.00148478126758,-0.00561011289077,-0.00138217022695,-0.00136147059832,0.0046403795565,0.00160642604827,0.00159362583528,0.0,-0.00160128136697,0.00456101132756,-0.00222222313672,-0.00212539931231,-0.00419727793534,0.0,-0.000981836112257,0.000956480225957,-0.00193423657983,-0.000996512289739,-0.00292825977909,0.0,0.00185873659463,0.0,-0.00177935990008,-0.00298656269775,0.00532766310779,0.0,0.00566039247171,0.0,0.0132015118585,0.00765449336053,0.00122025640523,-0.00253485560319,-0.00264550418842,-0.00140944350323,-0.00138217022695,-0.00264550418842,0.00134318354647,0.00269541942167,0.00132714020806,0.0,-0.00135593241114,0.00132714020806,0.0,0.0,0.00250313021812,-0.00122624172324,0.0012113871863,0.0,0.00121876919413,0.0024875634718
14:27:00,0.00112930559715,-0.00397088542949,0.0,0.0,0.0,,,0.0,0.00164068945746,-0.00153256734978,-0.00296296513066,-0.00148478126758,-0.00140745976788,-0.00277008487382,-0.00136332672786,0.00921665510492,0.00160384958197,0.00317965291738,0.0092593254128,-0.00321027563025,0.0,-0.00111296616942,0.00212539931231,-0.0010520779508,0.0,0.0,0.00191022025612,-0.00096852307813,0.00497266066938,0.00195312562088,0.00189933580365,0.000928074312554,0.00750472565407,0.00177935990008,0.000996512289739,0.0063559536007,-0.00185185238107,-0.000941176540064,0.0,0.00544960476756,0.0,-0.00122025640523,-0.00254129742867,-0.00531209748489,-0.00141143283841,0.00276243269591,0.0,-0.00134318354647,0.0,0.00264900817158,0.0,0.00406229400888,0.0,0.0,0.00259067502409,0.0,0.0,-0.0012113871863,-0.00115540163056,0.00728158557126,0.0
14:28:00,-0.00452489459829,0.0,0.0,0.0,0.0,0.0,0.0,0.0,0.0,-0.00307219903697,-0.00297177038916,0.00148478126758,0.0,0.00138600160788,-0.00273224213687,-0.00613498856752,0.00320000273067,0.00158604315563,0.00612559342668,0.0,0.00113700978708,0.0,0.00423729447552,-0.00316289140851,0.000985707324759,0.0,0.0,0.00096852307813,0.00198216120399,0.00194931835605,0.00378788331694,0.0,0.000934142991797,0.0,0.00595830958363,0.00105540906894,-0.00650862362739,0.00188146809971,0.0,0.00108636621222,-0.00546151002552,0.00122025640523,-0.0038240964384,-0.00133244523378,0.0,0.00687287928776,0.00132362693051,0.0,-0.00134680155038,0.0,-0.00133779284166,-0.00135226525001,0.0,-0.00130123635797,0.0,0.0,0.00245098161914,0.0,0.0,-0.00120992150271,-0.0024875634718
14:29:00,-0.00227014853454,0.0,0.0,0.0,0.0,0.0,0.0,0.0,-0.00164068945746,0.0,-0.00298062813814,0.00296296513066,-0.00140944350323,-0.00138600160788,0.0,-0.00617285910708,-0.00480385231265,-0.00635932190829,-0.00612559342668,0.0,-0.00227531383714,-0.00222965532727,0.00737233460232,0.00105540906894,0.00098473666254,0.000981836112257,-0.00286670048208,0.0,0.0,0.0,0.0,-0.000928074312554,0.0,0.00796816964918,0.00788958727516,0.0,-0.00373832211061,0.00562325755436,0.0,-0.00108636621222,0.00218818468055,0.0,0.0012763243596,-0.00267022855588,0.00282087634164,0.00273597981887,0.0,0.0,0.0,0.00132187725792,0.0026737983844,-0.00135409634773,-0.00132714020806,0.0,0.00258398076592,0.00124921940043,0.0,-0.00121285642521,0.00115540163056,0.0,-0.0024937668784
14:30:00,-0.00455581653586,0.0,0.0,0.0,0.0,0.0,0.0,0.0,0.00164068945746,0.00307219903697,0.0,-0.00148038517043,-0.00707717037409,0.0,-0.00273972774112,0.0,-0.00482704074832,0.0,-0.00307692550448,0.00160642604827,0.00113830405006,0.0,0.00104876779408,0.0115365726284,0.000983767910133,0.000980873055592,-0.00383509578394,-0.00096852307813,0.000989609185166,0.0,-0.000945626548007,0.00185528810175,0.0,0.00264200946284,-0.00196656897204,0.00630916919326,0.0093197319488,-0.000935016430907,0.0,-0.00544960476756,0.0,-0.00122025640523,-0.0012763243596,-0.00536194314139,-0.00282087634164,0.00136518792534,-0.00132362693051,0.0,0.0,-0.00132187725792,-0.00133600554274,0.0,0.00132714020806,-0.00260756340708,-0.00129115576362,-0.00124921940043,0.00122324174274,0.00242424361151,0.0,-0.00242424361151,0.00124766079816
14:31:00,0.00228050269873,0.0,0.0,0.0,0.0,,,0.0,-0.00164068945746,0.00153256734978,0.0,-0.00148257996022,-0.00142146434738,0.00415225510077,0.0,0.0,-0.00161420535454,0.00159362583528,-0.00308642220319,0.00160384958197,-0.00227790531299,-0.00335383209843,0.0,0.00416233691469,0.00196463717416,0.00293685967331,-0.00096107647955,0.00193610902687,-0.000989609185166,0.00194552590549,0.000945626548007,0.0,0.0,-0.00617558204415,0.00196656897204,0.00522740343515,0.00277906617027,0.0018691594227,0.0,0.0,0.00327332534497,0.0,0.0,-0.00404040953701,0.00141143283841,-0.00273224213687,0.00132362693051,0.0,-0.00134861787129,0.0039604012161,0.0,-0.00135593241114,0.00132538124107,0.0,-0.00258732356495,0.0,0.0,0.00241838086428,0.0,-0.0012143292324,-0.00124766079816
14:32:00,-0.00228050269873,0.0,0.0,0.0,0.0,,0.0,0.0,0.00164068945746,0.0,-0.00149365225678,-0.00297177038916,0.00142146434738,-0.00415225510077,-0.00826450984989,-0.00154918698683,0.00161420535454,0.00317965291738,-0.00309597770513,0.0,0.00113960126293,0.00111919429702,-0.00209863665692,0.00311042241439,0.000980873055592,0.00292825977909,0.0,-0.000967585948736,-0.000990589481696,-0.000972289818939,0.000944733183162,-0.00744189481039,0.0,-0.00354610300675,0.000981836112257,-0.00313316183204,-0.000925497520943,-0.000934142991797,0.0,0.00327332534497,0.0021762794226,0.0,-0.00127795544549,0.00134861787129,0.0,-0.00136892560734,0.00132187725792,0.0,0.0,-0.00131839175326,0.00133600554274,0.00135593241114,0.0,-0.00130633591406,-0.00129617646145,0.0,0.0,-0.00120845936157,0.0,-0.00121580562089,0.00124766079816
14:33:00,-0.00114220457878,0.0,0.0,0.0,0.0,,0.0,0.0,-0.00164068945746,0.0,0.00149365225678,-0.00298062813814,0.00425230973853,0.00415225510077,-0.00277008487382,0.0,-0.00323102058145,0.00947874395454,-0.00466201310581,0.00798088833101,0.00113830405006,0.00111794310134,-0.00421053253634,0.0,0.00195886448533,0.0019474202844,0.0,-0.00485202310453,0.000990589481696,-0.000973236086552,-0.00189035973117,0.0,-0.000934142991797,0.000887705340141,-0.00196463717416,-0.00104657257067,0.000925497520943,-0.00468384931243,0.0,-0.00218102594636,0.00108636621222,0.00122025640523,0.0025542798051,0.00134680155038,0.0,-0.00274348594575,-0.00132187725792,-0.00134499011533,0.00134861787129,0.0,0.0,0.0,0.00132362693051,-0.00130804466002,0.00129617646145,-0.00125078190165,0.00122174725032,0.0,0.0,-0.00121728560375,-0.00249688019859
14:34:00,-0.00114351070208,0.0,0.0,0.0113914982861,0.0,0.0,0.0,0.0,0.00164068945746,0.00153022218077,0.00298062813814,-0.00149365225678,0.00845075451772,0.0,0.00138600160788,0.0,-0.00324149392417,0.00157109223204,0.00621120009264,-0.00798088833101,0.0,0.00334635002734,0.0,0.0,0.0019550348358,-0.000973236086552,0.00288046286535,-0.000973236086552,-0.00198216120399,-0.000974184197843,-0.00284225676893,0.0,0.0,-0.00801786032473,-0.00888894741725,-0.00209643682653,0.0,-0.00659446572528,0.0,-0.0043763745998,0.0,0.0,0.001274697432,0.004029555486,0.00140944350323,0.0,0.0,0.0,-0.00134861787129,-0.00132013220492,0.00133422301314,0.0,0.0,0.0,0.0,0.00125078190165,0.0,0.00120845936157,0.00345821670296,-0.00243902559936,-0.00375704887771
14:35:00,-0.00458716400691,0.0,0.0,0.0,0.0,,0.0,0.0,0.0,0.00305343748689,0.0,0.00298507684345,-0.00280899061106,0.0041350851478,0.00414651596185,0.0,0.00324149392417,-0.00157109223204,0.00309119256967,-0.00160384958197,0.00113700978708,0.00222469502211,0.00315956029037,-0.00103573287353,-0.000977039647827,-0.00194931835605,0.00191570939814,-0.00390244397693,0.000991571722295,0.000974184197843,-0.00380228594974,0.0,-0.000935016430907,-0.00538117890452,-0.00696866931609,0.00209643682653,0.0,-0.00759016926668,0.0,-0.00549753995919,0.00325203538638,-0.00122025640523,0.0012730746468,0.0,0.00140745976788,0.00137268381197,0.0,0.00134499011533,0.0,-0.00132187725792,-0.00133422301314,-0.00135593241114,-0.00264900817158,0.0,0.00129449856265,0.0,0.0,0.0,0.00344629864359,0.0,-0.00251256413588
14:36:00,-0.00576370471675,0.0,0.0,-0.00486618965117,0.0,,0.0,0.0,0.0,0.00304414238123,0.00297177038916,0.00148920355147,-0.00422833610952,-0.00828734024857,0.00137835997012,0.0,0.00161681522691,0.00313972000467,-0.00154440185137,-0.00160642604827,0.0,0.0,0.0,0.0,0.0,-0.00488998529419,0.00191204647163,-0.000977995187977,-0.000991571722295,0.0,-0.0038167985267,-0.0018691594227,0.0,0.0017969456767,-0.00300150300376,-0.00209643682653,0.0,0.000951927725382,0.0,-0.00997238181294,0.00539666717215,0.00122025640523,0.00254129742867,0.0,-0.00140745976788,0.00137080213378,-0.00132362693051,0.00268456537067,0.00134861787129,0.00132187725792,0.0,0.0,0.0,-0.00130975788206,-0.00259067502409,-0.00125078190165,0.0,-0.00120845936157,0.00229095174656,-0.00244498899307,-0.00378072283991
14:37:00,-0.00579711768433,0.0,0.0,0.00486618965117,0.0,0.0,0.0,0.0,0.0,0.00454890852637,-0.00297177038916,0.00148698912158,0.00282087634164,-0.00138792527485,0.0109590137897,0.0,0.00161420535454,0.0,-0.00464756839655,0.00160642604827,0.0,0.00221975673831,0.00210084110881,-0.00311365067328,-0.000977995187977,-0.000980873055592,0.00190839752576,0.000977995187977,0.0,-0.000974184197843,0.0,-0.00187265972329,-0.000935891504905,0.0,-0.00603016902659,0.0,0.0,-0.000951927725382,0.0,0.00776487539773,0.00429646203351,0.0,0.00253485560319,-0.004029555486,0.0,0.0,0.0,0.00133958492906,0.00403497521218,-0.00132187725792,0.0,0.0,0.0,0.0,0.0,0.00125078190165,0.00122025640523,0.0024154601116,-0.00114481981593,0.0,0.00126182982042
14:38:00,-0.0011634672633,0.0,0.0,-0.0113914982861,0.0,,,0.0,0.0,0.0,0.0,-0.00148698912158,0.00281294137661,0.00692044284457,-0.0027285146532,0.0,0.00482704074832,-0.00156862777263,0.00155159069142,0.00160384958197,0.0,0.0,0.0,-0.00312337578227,-0.00293973754093,0.00293973754093,0.00190476248065,-0.00195694778696,-0.00298062813814,0.0019474202844,0.0038167985267,-0.00375587295981,0.0,-0.0017969456767,-0.00100857295488,0.00627617122924,-0.000925497520943,-0.000952834755272,0.0,0.00330943490137,-0.00107238616175,0.00121876919413,0.00252844635336,-0.00134680155038,0.0,-0.00274348594575,0.0,0.0,0.0013413818242,0.0,-0.00133600554274,-0.00135777346046,0.00132538124107,0.00130975788206,0.00129617646145,0.0,0.0,-0.00120700075004,0.0,0.0036652453983,0.00503145715537
14:39:00,0.00232558244348,0.0,0.0,0.00652530863492,0.0,0.0,0.0,0.0,0.0,-0.00151400483122,-0.00148920355147,0.00593473551981,0.0153313107468,-0.00138026246896,-0.00273597981887,0.0,-0.00482704074832,0.00156862777263,0.00154918698683,0.00160128136697,0.0,0.0,0.00104876779408,0.00208333408685,-0.000981836112257,0.0,-0.00285850599596,0.000978952598984,0.000994530166508,-0.0019474202844,0.0,-0.00282619123584,0.0,-0.00180018050415,0.00302267232659,0.00520021972711,0.000925497520943,0.00380590373768,0.0,0.00549150199368,-0.00214822853829,-0.00121876919413,0.00252206943271,-0.00540541856691,-0.00282087634164,0.00137268381197,0.0,-0.00133958492906,0.0,0.0,0.00133600554274,0.0,0.0,-0.00130975788206,0.0,0.00124921940043,0.0,-0.00120845936157,-0.00114613193062,-0.00122025640523,0.00250626697606
14:40:00,0.0149858712278,0.0,0.0,0.00486618965117,0.0,,0.0,0.0,0.0,0.0,-0.00149142458667,-0.00148038517043,0.0123712918025,0.00138026246896,-0.00274348594575,0.0,0.00482704074832,-0.00156862777263,0.0,0.0,0.0,0.0,-0.00104876779408,0.00415369236869,0.0,0.000977995187977,0.00190657827058,0.000977995187977,0.00198609797163,-0.000975134158206,0.0,-0.00378072283991,0.00280505092761,0.00090049533325,-0.0020140993717,0.0,0.0,-0.00285306898241,0.0,0.00109469085918,-0.0021528533611,0.00121876919413,-0.00252206943271,-0.010899290458,0.00141143283841,-0.00137268381197,-0.00265252144913,-0.00268456537067,0.0,0.00132187725792,0.0,0.0027137058716,-0.00132538124107,-0.00262467342277,0.0,0.0,-0.00122025640523,-0.00120992150271,-0.00114744705648,0.0,0.00125078190165
14:41:00,0.0,0.0,0.0,0.00323102058145,0.0,,,0.0,0.0,-0.00303490369515,-0.00149365225678,0.00148038517043,0.00680737822803,-0.00276243269591,-0.00412939334201,0.0,-0.00482704074832,-0.00314465667947,0.0,-0.00803217169726,0.0,0.0,-0.00526040139918,0.00103573287353,-0.000982801061908,-0.00195694778696,0.0,0.00195312562088,0.00198216120399,0.000975134158206,0.00285306898241,0.00660691407574,0.000933271182999,0.00359389425459,0.0010075567603,0.0,0.0,0.00190295014609,0.0,-0.00109469085918,0.00107700602764,0.00243309122464,-0.00252844635336,0.00410116774421,0.0,0.0,0.00397614837964,0.00134318354647,0.0,0.0,-0.00133600554274,0.0,0.0,-0.00394997221931,0.00129449856265,0.0,0.00122025640523,0.00120992150271,-0.00114876520387,-0.00122174725032,-0.00125078190165
14:42:00,-0.0091954670931,0.0,0.0,-0.00647251450562,0.0,0.0,,0.0,0.0,-0.00304414238123,-0.0029940142126,0.0,-0.00407886357482,0.00138217022695,-0.00553251756973,0.0,0.00322061470004,0.0,0.0015467907183,0.00322061470004,0.0,0.0,-0.00211193320314,0.00206825306406,0.0,-0.000979911886349,-0.000952834755272,0.00389484426154,0.0,0.0,-0.00095011883632,0.006563549114,0.00186393343806,0.00447428039492,-0.00201612971518,-0.00103788281242,0.0,0.00189933580365,0.0,-0.00329128108407,0.0,0.00484849434662,0.0,-0.00136518792534,-0.00565772371986,-0.00275103337189,0.0,0.00268096675326,0.0,-0.00132187725792,-0.00267737777072,0.0,0.0,0.002635047638,0.0,0.00124766079816,0.0,0.00120845936157,0.00229621226035,0.0,0.00374766210024
14:43:00,-0.0116145324207,0.0,0.0,0.00324149392417,0.0,0.0,0.0,0.0,-0.00493016610786,-0.00152555330884,-0.00300300525977,-0.00296296513066,-0.00546449447208,0.00550965581097,0.00138600160788,0.0,0.0,0.0,0.0,0.0,0.0,-0.00110926245429,0.0010565241342,0.00309438101475,0.0,0.000979911886349,0.0,-0.00194552590549,0.0,0.0,-0.000951022420704,0.00744882401299,-0.000931532438111,-0.00537154380191,0.0,0.0,0.0,0.000948316808859,0.0,0.00547946576463,-0.00215517324798,0.00362100576695,-0.00126662461519,0.00136518792534,-0.00141944665423,0.00275103337189,0.00264200946284,0.00133779284166,-0.0013413818242,0.00132187725792,-0.0013413818242,0.0,0.0,0.00131492458131,0.00129282500231,0.0,-0.00122025640523,0.0,-0.00114744705648,-0.00244798163864,-0.0100251466194
14:44:00,-0.00703402665738,0.0,0.0,0.0,0.0,,,0.0,0.0,0.00304878284936,0.0,-0.00297177038916,-0.00963531198367,0.00137268381197,0.00138408326594,0.0,-0.0016090108057,0.0,0.0,-0.00322061470004,0.0,0.00110926245429,0.00105540906894,0.0153298863113,0.0,0.000978952598984,0.000952834755272,-0.00194931835605,-0.000990589481696,0.0,0.0,-0.00278681090718,0.0,-0.00540055318,0.0,0.0,0.0,-0.00761183503963,0.0,-0.00109349382137,-0.00107933091968,-0.00120554565535,-0.00380952841667,-0.00273224213687,0.0,0.0,0.00131839175326,0.0,0.0,0.0,-0.00134318354647,-0.00135593241114,-0.00132714020806,-0.00263158046606,0.0,0.00124610608025,0.0,-0.00241838086428,-0.00114876520387,0.0,0.0012586534072
14:45:00,-0.00826939148251,0.0,0.0,0.00805806132976,0.0,,,0.0,-0.00495459312468,0.0,0.00300300525977,0.0,0.00551725537475,-0.00550207715398,-0.00138408326594,0.0,0.00642056780292,0.00157356444743,-0.0015467907183,0.0,0.0,-0.00110926245429,0.0,0.00707430944254,0.000982801061908,-0.000978952598984,-0.00190657827058,-0.00293112080886,0.0,0.00291971010333,-0.000951927725382,-0.00186219793106,0.000931532438111,-0.0136303791307,0.0,0.0,0.0,-0.00670821873512,0.0,0.00327690080231,-0.00324500014333,0.00120554565535,0.0,0.0,-0.00569802111464,0.00137268381197,0.00131665588475,0.00133600554274,0.0,0.0,0.00134318354647,-0.00135777346046,0.0,0.00131665588475,0.00515465058866,-0.00124610608025,0.0,0.0,0.0,-0.00245398896157,0.00501883111194
14:46:00,-0.00594885751977,0.0,0.0,0.00480385231265,0.0,,0.0,0.0,0.00495459312468,-0.00152322954052,0.0,0.0,0.009582551081,0.00275482267884,0.00138408326594,0.0,0.0015987213637,0.00157109223204,-0.00154918698683,0.0,0.0,0.0,0.00210748233956,0.00602411460338,0.0,-0.0029426210542,0.00095374351531,-0.000978952598984,0.000990589481696,0.000971345389632,-0.00190657827058,0.0,-0.000931532438111,-0.00183150234347,0.0,0.00103788281242,0.0,-0.0184381739708,0.0,-0.00218340698094,0.004324331063,0.0,0.0012714559882,-0.00411241155309,0.00285306898241,0.0,-0.00131665588475,-0.00133600554274,-0.00134318354647,0.0,-0.00134318354647,0.0,-0.00132890385005,0.0,0.0,-0.00124766079816,0.0,0.0,0.0,-0.00492611833606,0.0
14:47:00,0.00238379135528,0.0,0.0,0.00478088560034,0.0,,,0.0,0.00164609090667,-0.00458365966766,0.0,0.0,0.00272109011436,-0.00275482267884,0.0,0.0,-0.00320000273067,0.0124806612236,0.00154918698683,0.0,0.0,0.0,-0.00421941554271,0.00896866998276,0.0,0.000981836112257,-0.00095374351531,-0.000979911886349,-0.000990589481696,0.00193986481783,-0.00286670048208,0.0,-0.000932400999951,-0.0129153086767,0.0,0.0,0.0,0.0,0.0,-0.00878161516038,0.00215517324798,-0.00120554565535,-0.0012714559882,-0.00137457066317,0.00142348778485,0.0,-0.0039604012161,0.00400267378966,0.0,0.0,0.0,-0.00135961951604,0.0,0.0,-0.00257400399517,0.00124766079816,-0.00122174725032,0.0,-0.00115008638324,-0.00619197024792,0.00499376818049
14:48:00,-0.00238379135528,0.0,0.0,0.00633916544374,0.0,,,0.0,0.00492207720543,0.0,-0.00300300525977,0.0,-0.00544960476756,-0.00138026246896,-0.00277008487382,0.0,-0.00481928643595,0.0092593254128,-0.00154918698683,0.0,0.0,0.0,0.00316622955805,0.0108535845914,0.00196270916785,0.0,-0.00095465401045,-0.00196270916785,0.0,0.00290275965796,0.00191204647163,0.00186219793106,0.000932400999951,0.000928074312554,0.0,0.00103680672844,0.0,0.00974666585229,0.0,0.0,0.00107584733346,0.0,0.0012714559882,0.00137457066317,-0.00427655676726,0.00273972774112,0.0,0.0,0.00134318354647,-0.00132187725792,0.0,0.0,0.00265604405812,0.0,0.00128783018443,0.0,0.0,0.00120992150271,0.0,-0.0049813303502,0.00620734457433
14:49:00,0.0,0.00529101763442,0.0,0.00943403223336,0.0,,0.0,0.0,0.00163532334073,0.00153022218077,-0.00452148471885,-0.00148920355147,-0.00410678195265,-0.00138217022695,-0.00138792527485,0.0,0.0,0.00306748706786,-0.00155159069142,0.0,0.0,0.00221729580865,-0.00105429635491,0.00196078494194,0.0,0.0,0.0,-0.00196656897204,0.000990589481696,-0.00193423657983,-0.00191204647163,0.0,-0.000932400999951,0.00647251450562,0.0,0.00103573287353,0.0,0.0230115618932,0.0,-0.00331308972296,0.0,0.00120554565535,0.00253807242847,-0.00412939334201,0.0,0.00136705421153,0.0,-0.00133244523378,0.0013413818242,0.0,0.00134318354647,0.0,0.0,0.00131492458131,0.0,0.0,0.00122174725032,0.0,-0.00461361833351,-0.00375234961855,-0.00247831601447
14:50:00,0.0,0.00657464564209,0.0,0.00468384931243,0.0,0.0,,0.0,-0.00163532334073,-0.00306278953055,-0.0045420214345,0.00297619267305,-0.00964859311583,0.0,-0.00696866931609,0.0,0.00481928643595,-0.00460476638675,-0.00311042241439,0.00803217169726,0.0,0.0,0.0,-0.00196078494194,0.0,0.0,-0.00382775586976,0.0,-0.000990589481696,0.0,-0.00672110067308,-0.00186219793106,0.000932400999951,0.00459770924863,0.00100857295488,0.00310077767825,0.0,0.00189393996007,0.0,-0.015607897666,0.00214822853829,-0.00241254640538,-0.00253807242847,0.00275482267884,0.00142755199119,0.0,0.00132187725792,0.0,0.00267737777072,-0.00132362693051,-0.00134318354647,0.0,-0.00132714020806,0.0,-0.00128783018443,0.0,0.00122025640523,0.0024154601116,-0.00115673812782,-0.00125391865959,0.0
14:51:00,0.0,-0.0118656632765,0.0,-0.0109633047973,0.0,,0.0,0.0,0.00163532334073,0.0,-0.0030395160179,0.0,-0.00138600160788,-0.00138408326594,-0.00420463128203,0.0,-0.00321027563025,0.0,-0.00625002034517,-0.00160128136697,0.0,0.0,0.0,-0.0148297329711,0.0,0.000980873055592,-0.00095923268746,0.000983767910133,0.0,-0.00096852307813,-0.00386100865746,0.0,0.00372093452569,0.00822297918043,-0.00100857295488,0.00411947029524,0.0,0.0,0.0,-0.00337648041661,-0.00107353740852,-0.00241838086428,-0.0012714559882,0.00137457066317,0.0,0.0,0.00263852395818,0.0,0.00133600554274,0.0,-0.00134499011533,-0.00408998525153,0.00132714020806,0.00131319782496,0.00128783018443,-0.00124766079816,-0.00122025640523,0.0,-0.00115807772063,-0.013897886361,-0.0074720148387
14:52:00,0.0,0.0,0.0,-0.0142746277926,0.0,,0.0,0.0,0.0,0.00153256734978,0.0030395160179,0.0,0.00553251756973,-0.00138600160788,-0.00140548160873,0.0,0.0,0.00153727931889,-0.0047132844521,0.00320000273067,0.0,0.00110680697519,0.0,-0.00299252093645,0.000979911886349,-0.00196270916785,0.00095923268746,0.0,0.00198019866686,-0.000969462024548,-0.00290557105141,0.0,0.00185528810175,0.00815591290361,0.0,0.00716848947861,0.0,0.00283420123588,0.0,-0.0011280317045,0.0,0.00120992150271,0.0,0.00137268381197,0.00142551699122,0.0,-0.00131839175326,0.0,-0.00133600554274,0.00132362693051,0.0,-0.00136705421153,-0.00132714020806,0.0,-0.00128783018443,0.00124766079816,0.0,0.0,-0.00348230183587,-0.0012730746468,0.0
14:53:00,0.00238379135528,0.0,0.0,0.0,0.0,,0.0,0.0,-0.00163532334073,-0.00460476638675,0.00605145568336,-0.00148698912158,-0.00276243269591,-0.0027777795639,0.00140548160873,0.0,-0.00322061470004,0.00153491971808,-0.00473560474583,0.0031897953681,0.0,0.00110558330775,0.0,0.00099850232959,-0.0029426210542,0.000981836112257,0.000958313441812,0.000982801061908,0.00098863082694,0.0,0.00193798510268,-0.00748366448717,0.00185185238107,0.00629781658699,0.0,0.00203873668985,0.0,0.00188501469577,0.0,-0.0056593246689,0.0,0.0,-0.0025477720788,0.00137080213378,0.00142348778485,0.00136518792534,0.0,0.0,0.0,0.0,-0.00134680155038,0.00409556886474,0.0,0.0,0.00128783018443,0.00124610608025,-0.00122174725032,-0.00120700075004,0.00348230183587,0.0,0.00498754151104
14:54:00,-0.00119118537015,0.0,0.0,0.00159616953282,0.0,,0.0,0.0,0.00163532334073,0.0,0.0105027221991,0.00148698912158,-0.00415801014866,0.0027777795639,0.00140350900232,0.0,0.0,-0.00461184522256,-0.00316957476128,0.00159109023224,0.0,0.00110436234305,-0.00211193320314,0.00298953884837,-0.000982801061908,-0.000981836112257,-0.000958313441812,0.00196270916785,0.0,-0.000970402793279,0.0,0.00281294137661,0.00277136436038,-0.00539569654385,0.0,0.00305033281762,0.0,-0.00377358938364,0.0,0.00339943670146,-0.00107469112977,0.00120845936157,-0.0012763243596,-0.00274348594575,-0.00284900477607,0.00136332672786,-0.00132013220492,0.0,-0.00133779284166,-0.00132362693051,-0.00134861787129,-0.00136332672786,0.00132714020806,0.0,0.00128617381074,0.0,0.0,0.00120700075004,0.00231481584845,0.00634922767866,0.0012430082396
14:55:00,-0.00119260598512,0.0,0.0,-0.00319489089652,0.0,,0.0,0.0,-0.00163532334073,0.0,0.00149142458667,0.0,-0.00417537141048,-0.00138792527485,0.00419874654635,0.0,-0.00161420535454,0.00307692550448,0.00158604315563,0.0,0.0,0.00440529346792,0.0,0.00298062813814,0.0,0.000981836112257,0.000958313441812,-0.000980873055592,-0.00098863082694,0.000970402793279,0.0,0.00187090793581,0.00184331849429,-0.00361337339851,0.0,0.0,0.0,-0.000945626548007,0.0,0.00451468035453,0.0,0.0,0.0038240964384,0.00137268381197,0.00142551699122,0.0,0.00132013220492,0.0,0.00133779284166,0.0,-0.00135043909787,0.0,0.0,-0.00262812240627,-0.00128617381074,0.0012445552322,0.0,0.00120554565535,-0.00115673812782,-0.00126662461519,-0.00373366955205
14:56:00,0.0,0.0,0.0,-0.00964637705181,0.0,,0.0,0.0,0.00163532334073,-0.00153964618559,0.00148920355147,0.00148478126758,-0.019718948789,0.0,0.00278940208758,0.0,0.0,0.00306748706786,0.0,-0.00159109023224,0.0,0.0,0.0010565241342,0.00692044284457,0.00196463717416,0.0,0.000957395956327,0.0,0.00197628522821,0.0,0.0048285946062,-0.000935016430907,0.00550965581097,-0.00453515516539,0.0,-0.00203252102492,0.0,-0.000946521604031,0.0,0.00112549252173,0.00214822853829,0.00120700075004,0.0,0.0,0.00142348778485,0.00136147059832,0.0,0.0,0.0,0.0,0.0,0.00136332672786,0.00132538124107,0.0,0.00128617381074,0.0,0.00122174725032,0.0012040940648,0.00115673812782,0.00126662461519,-0.00124766079816
14:57:00,0.0,,0.0,0.00161420535454,0.0,,,0.0,0.0,0.00461184522256,-0.00148920355147,-0.00148478126758,0.0,0.0,-0.0013937284486,0.0,0.0,-0.00153256734978,0.0,0.0,,0.0,0.0,0.0,0.0,0.000980873055592,-0.000957395956327,-0.000981836112257,0.0,0.0,0.0,0.0,0.000915331871688,0.0018165309264,0.0,0.0,0.0,0.0,,0.0,0.0,0.0,0.0,0.0,,-0.00136147059832,0.0,0.00133244523378,0.0,0.00132362693051,0.00135043909787,0.0,-0.00132538124107,0.0,0.00128452169236,0.0,-0.00122174725032,0.0,0.0,0.00505051578607,0.0
15:00:00,0.0,0.0,0.0,-0.00972454989199,0.0,,0.0,0.0,0.00163265342389,-0.00153491971808,0.0,0.00148478126758,0.0028409110016,0.00277392688273,0.0,0.0,0.0,0.00153256734978,0.0,0.0,0.0,0.00329128108407,-0.0010565241342,0.00196850457267,-0.000981836112257,-0.000980873055592,0.000957395956327,0.0,-0.000987654401273,0.0,0.00192492840958,0.0,0.0,-0.00090785299018,0.0,0.0,0.0,-0.00379507096855,0.0,-0.00112549252173,0.0,0.0,0.0,0.0,-0.00284900477607,-0.0027285146532,0.0,0.0,0.0,0.0,-0.00270270434789,0.00272109011436,0.0,0.0,0.00128287381289,-0.0012445552322,0.00122174725032,0.0,-0.00115673812782,-0.00378549347948,-0.00124921940043
