,20150701,20150702,20150703,20150706,20150707,20150708,20150709,20150710,20150713,20150714,20150715,20150716,20150717,20150720,20150721,20150722,20150723,20150724,20150727,20150728,20150729,20150730,20150731,20150601,20150602,20150603,20150604,20150605,20150608,20150609,20150610,20150611,20150612,20150615,20150616,20150617,20150618,20150619,20150623,20150624,20150625,20150626,20150629,20150630,20150504,20150505,20150506,20150507,20150508,20150511,20150512,20150513,20150514,20150515,20150518,20150519,20150520,20150521,20150522,20150525,20150526,20150527,20150528,20150529
09:25:00,,,,,,,,,,,,,,,,,,,,,,,,,,,,,,,,,,,,,,,,,,,,,,,,,,,,,,,,,,,,,,,,
09:30:00,-0.0289875368733,-0.0225089888939,-0.0355509842643,-0.0363016266762,-0.0190695627204,0.0,-0.0180185055027,-0.0295588022415,0.0,0.0,-0.0776787874436,-0.0527875046021,0.00884605688104,0.0109290705322,-0.020931836041,-0.0185587053898,-0.00945952999752,-0.00201952273283,-0.0234817418947,-0.00080677696994,0.0234787013829,0.0296717654323,0.0,0.0017873105741,0.0329019210211,0.00488998529419,0.0166740003071,0.0189988443427,-0.000885347556725,0.0028368813352,-0.0136925918376,0.00445435034938,0.00883007944827,0.0124845566622,-0.0232028970797,0.0146130218456,-0.0145281005629,0.0144735842073,0.0116010581828,0.0112677248463,0.00672648276095,-0.0124225199986,-0.0319515998066,,-0.00722459493963,0.00604579356997,,-0.0214235054271,0.00110101855328,0.00262812240627,0.011035656717,0.0134954814749,0.00249066131245,-0.0163812211835,0.0143602368678,0.013429236319,0.00661618036119,0.00610779162082,0.0199468932404,-0.0180185055027,0.00478114833789,0.00323102058145,0.00557561300116,0.00639460520175
09:31:00,0.0145987994212,-0.0230273332713,-0.00956945101615,0.01649899938,0.00226244440397,0.0,0.0120483385162,0.0178399181283,0.0,0.0,-0.0798407894497,0.0018674141748,-0.00562024763215,-0.00727275932908,0.0101597390591,0.00932240527026,0.00878680881507,0.000673627509474,0.00973582099008,0.00723766730023,0.00506330195655,-0.0228504565815,0.0292703823001,0.00694014708394,-0.0080186122833,-0.0139175394224,-0.0103886244921,0.000855066319733,-0.00488347252428,0.00799439950137,-0.00923367594695,0.00443459706787,-0.000439657074569,-0.0091400719394,-0.0099080782247,0.00144962576726,-0.00439990932261,0.0,0.00172860890062,-0.00900400005395,-0.00785197528268,0.00249688019859,0.0012978587156,0.0,0.00482219138176,-0.00431469100264,0.0,0.000832523983148,0.000824969110448,-0.00764066422981,-0.00717216189199,-0.00268456537067,0.00298062813814,0.00386349482504,0.00171926850651,0.00573330317182,-0.00554608930134,0.00176626481008,-0.00395767530261,-0.00913248356327,-0.011579947431,-0.00323102058145,0.000490476589576,0.0
09:32:00,-0.00727275932908,-0.0355668309947,0.0,0.00272356046704,0.00450959050598,0.0,0.035297782081,0.00489956884116,0.0,0.0,0.056963974796,-0.0018674141748,-0.0203341695059,0.00727275932908,0.0036036075033,0.00923630011951,0.00134499011533,0.0033613477027,0.0116960397632,0.0408219945203,-0.00578872817624,0.0195226664889,-0.000641231185806,0.00371714739005,-0.00637621713928,-0.0170446861816,-0.00628537581496,-0.0137695807238,-0.00312012733624,-0.00705055799667,0.00785404822754,0.00265134932162,-0.00352423272253,-0.00334448472285,0.00755790087974,0.00289296248053,0.00342382334955,-0.00426667313938,0.0205135398331,-0.00113122184009,0.0,0.0068344472303,0.00194363520857,-0.0180609542282,0.00240240355787,-0.00259777891798,-0.000289981153257,0.00828734024857,0.00466201310581,-0.00370959619889,0.00128452169236,-0.00620198833056,0.011834457647,0.00997578294597,-0.00171926850651,0.00319634975329,-0.0109690313706,-0.00787405643091,-0.0074414118587,0.00731264684629,-0.00149862653974,0.00129366124122,0.00163318670958,-0.00262812240627
09:33:00,0.0130531222446,0.0,-0.00966191091174,0.0,0.00448934536259,0.0,-0.00579711768433,0.00972770316801,0.0,0.0,0.0396973954536,-0.017916556579,0.016300279405,0.0129591446425,0.00143781476963,0.00774924624623,0.00936461693104,0.0100167782435,0.00273224213687,0.0228146777662,-0.0205285801411,0.00399202126954,-0.00902067972593,0.00563778801251,-0.000853242372584,-0.00842110239641,-0.00463451429906,-0.00130067219724,0.0,0.00376648279548,-0.00138153372192,-0.000883002264878,-0.00265134932162,-0.00587989934288,0.020955365176,-0.0106486969458,0.00535672086839,0.00479872954991,0.0134455807094,0.00226116546314,0.00112549252173,-0.00123915753155,-0.00649352931055,0.0133807584777,-0.00571516069078,-0.000867428130146,-0.00232288141614,0.00685403642779,-0.00411241155309,-0.00799577820656,0.00486618965117,0.000540832895823,0.0218190473946,0.0,0.00049152126819,-0.00205362308341,0.00323869439953,-0.0119285708653,-0.00749720188509,0.00707871183436,-0.00551425910592,-0.00453515516539,-0.00212366329915,-0.000940291559642
09:34:00,0.00646321819021,-0.00865806274311,0.0,0.0,0.00335383209843,0.0,-0.0105202606742,0.00193423657983,0.0,0.0,0.0,-0.0153406651775,-0.00242816792715,0.00142959280959,0.00286944242795,0.0035026305512,0.00133067218571,0.00397878508976,-0.00478633392381,-0.0228146777662,0.00738010729762,0.00265252144913,0.00323102058145,-0.00211044749455,-0.00256410396894,0.0105153439995,-0.00848181505591,0.00130067219724,0.0017841217935,0.00562325755436,0.0036798569584,-0.00620294412461,0.00132655336721,-0.0054910380841,-0.00461894585629,-0.0137189804783,0.00484497071775,0.00530505222969,-0.0106294707097,0.00899387737659,0.00392927813989,-0.00497204256109,-0.0104781574255,0.00545810321872,0.000904568130427,0.0,-0.00349447064977,0.0,0.00109829774906,0.00719907121979,0.00280648226049,-0.00460643003943,0.00478469812334,-0.00152827334891,0.0109958346745,-0.00297380980911,-0.00410412067596,0.00915793778477,0.00104950158312,0.00361076398797,-0.00756878560663,-0.00896866998276,-0.00245599795987,0.000188129057088
09:35:00,0.00143061540852,0.0043384015986,0.00966191091174,0.000906207583538,-0.00671895024874,0.0,-0.00117577908901,0.0,0.0,0.0,-0.0160131524152,0.0143887374521,-0.00813674139306,0.00853490244984,0.00713778904829,0.00279329790561,-0.00935210557028,0.00330360392958,-0.00137174232758,-0.0312525435041,0.0109690313706,-0.00265252144913,-0.000645369496424,-0.00724448790802,-0.00299978797911,0.0045919512957,0.00721411997805,0.0034602110649,-0.000891663010482,0.00279981517475,-0.000459242258358,-0.00400802139754,0.00220701921411,0.00843530940135,-0.00883521208853,-0.000493461643371,0.000483208513872,-0.00424178790836,-0.00677203490994,0.00613669987214,-0.0011210763506,-0.00625002034517,-0.0059425727868,0.00620157026328,0.000301340969584,0.00260003035393,-0.000291757843061,-0.00410678195265,-0.00109829774906,0.0100450223431,0.00584277033686,-0.000543330630046,-0.00478469812334,-0.00844750959706,0.00605695370819,-0.000916800430936,-0.00695050582652,0.00217757187898,0.0216177895323,0.00557104504945,-0.00439933027646,-0.000819336383402,0.0,0.00187934654074
09:36:00,-0.00358038334501,0.0214140945038,-0.0135529664047,-0.00362976805058,-0.00224971973402,0.0,-0.00235571369246,0.0,0.0,0.0,-0.0311500595492,0.0188684843044,0.00488998529419,-0.00425834568258,0.0028409110016,-0.0105153439995,-0.00673403218134,-0.00132013220492,0.00205690850718,-0.00317965291738,0.00580132156409,-0.000664231176863,0.00643502864091,-0.00694014708394,-0.00775531676748,0.00166458631861,0.0105153439995,0.00602670786686,-0.000446129831178,0.00557622262744,0.0,-0.00268096675326,0.0017621149934,0.00586266335815,-0.00187003327054,0.0019723872272,-0.000483208513872,-0.00319319057916,-0.00681820823178,-0.00166991410919,-0.000561009832385,0.00125313299607,-0.0248085133463,-0.00620157026328,0.0,0.00115340266535,0.00349548855766,-0.000548847434195,-0.00137457066317,-0.00527427382997,0.00757005886055,0.00217155351351,-0.00722024797349,0.000770910997964,0.00241254640538,-0.0136213580151,-0.000654093558696,0.000593061201528,0.0209928142625,0.00268456537067,-0.00714774996869,-0.00773475426972,0.0,-0.000751314836243
09:37:00,0.00358038334501,0.0143039880983,0.0,-0.01649899938,-0.00904983551992,0.0,-0.00354400843473,0.0,0.0,0.0,-0.00500835771437,-0.017916556579,0.00405680069561,-0.0100072314762,0.00353982670512,0.00772204609391,0.00202497537977,0.00395517984293,0.00341880674879,0.00714005413348,-0.00652885888246,0.0177811731176,0.00703102928458,-0.00680884192933,0.00172860890062,0.0,0.00791835768931,0.00513699759792,-0.000446328951841,0.0133488748587,-0.00322061470004,0.00268096675326,0.000879894469439,0.0,0.00606486580256,0.00196850457267,-0.00387409685508,-0.00373832211061,-0.0166718434667,-0.00111482731725,0.0,0.00187676001286,-0.00408163831965,-0.0046765478839,-0.00180940942008,0.00230282197332,-0.000290824489471,-0.00633349218875,-0.00247899865282,0.00422164215383,0.00225988796744,0.0016255760827,0.00481928643595,0.0020528618962,0.00792035821745,0.0,-0.000436300181441,0.00197433430372,-0.0112881326658,-0.00107296147633,0.0107025569283,0.00806256938493,-0.00493016610786,-0.00188076038136
09:38:00,0.00641256205251,-0.000835771047396,-0.00195122013126,-0.0102183889587,-0.00455581653586,0.0,-0.00474496738423,0.0,0.0,0.0,0.0207046733617,0.0160456486432,0.0326592148427,0.0142655771588,0.0105449131766,0.0,0.00537997262681,0.0,0.00815776108021,0.0156865961677,-0.00950647013083,0.0174705187572,0.00887767403202,0.00680884192933,-0.000431872172551,0.00539084863488,0.00165906301016,0.0110404518462,0.00222965532727,-0.00550207715398,-0.00369344833535,0.00356347815839,-0.00220118953064,0.00458238668961,-0.00466201310581,0.00588236990307,-0.00145666449646,0.000534902393069,-0.00116009293753,-0.00615386557438,0.000561009832385,0.00249688019859,0.0013623980309,-0.00078155533482,-0.00332577781982,-0.00201467905244,0.0,0.0,-0.0063632805667,0.000263261815395,-0.00679504313283,0.00216333237426,-0.00433631129978,0.000256311676401,0.00405583282926,-0.000465008146022,0.00130832988571,-0.00236966935532,-0.00050843149981,-0.000178938892846,0.00202565903162,-0.000327815115212,-0.00827134575068,-0.0178542254596
09:39:00,-0.00213295495014,-0.005029348405,0.0,0.0,-0.00917437627604,0.0,0.00118835426938,0.0,0.0,0.0,0.00816331063916,0.00839165763625,0.00469117357588,0.00424028903889,0.0,-0.0035026305512,0.00334784376968,0.0,0.0121132032934,0.00233190933498,0.0,0.01084540136,-0.00506330195655,0.0053428444105,-0.00650056460309,0.000826787975994,0.000828500461641,0.00505477066162,0.00842763914672,-0.00138026246896,0.00277136436038,0.00044454323915,-0.0026478391463,0.00331950512285,-0.00703402665738,-0.000977995187977,-0.000972289818939,0.0,0.0,0.00447929080405,-0.00168397457701,-0.00187207542974,-0.0130183407593,-0.0277465282797,-0.00364078072066,0.0,-0.00320466406819,0.00523489279234,0.003878121204,-0.000789993457807,-0.00303490369515,0.00027008778017,0.00409589778738,0.00153649197962,0.0,0.00718343953297,0.00217675314509,0.00236966935532,0.000338983054093,-0.0014326650015,-0.00558046599127,0.00588429288569,0.00348230183587,-0.0228736469843
09:40:00,0.00213295495014,-0.00421053253634,0.00292540432911,0.00929374719146,-0.0139213385186,0.0,-0.00237812240497,0.0,0.0,0.0,0.00405680069561,0.0183997831188,-0.00156128056695,0.00070497006797,-0.0105449131766,-0.00562985301207,-0.000668672709636,-0.00197563449179,0.00865806274311,0.0085041100063,0.00513009553103,0.0,-0.0114870439871,0.00796112121587,-0.00435730536896,0.0,-0.00290275965796,-0.00421053253634,0.0105449131766,-0.00184331849429,0.0,0.00221975673831,-0.00309803301559,-0.000828843810401,-0.00424428838033,0.0,0.00919880608974,-0.000534902393069,0.0,-0.000558815326081,-0.00168681513148,-0.00125000016276,-0.030814763044,-0.00807106883379,-0.0116173730917,-0.00115307017676,-0.00292226975932,0.000824062675393,-0.00193718062517,-0.00422387111619,0.00101265831439,-0.00135116896654,0.00980986452855,0.00306591962184,-0.0107720969819,0.00207588587982,0.0075815374524,0.0164322946271,0.0132987398875,-0.0102675854742,0.00861128157954,-0.00195758626952,-0.000331125830839,-0.0200026472988
09:41:00,0.00848661387732,-0.00507615303186,-0.00194931835605,0.0174236411473,-0.0105696814897,0.0,-0.00836824967052,0.0,0.0,0.0,-0.00649880435117,-0.00731933734227,-0.00469852078155,-0.0028228670827,0.0077437908969,-0.00211939323416,-0.00335008688528,-0.00330142260905,-0.00265604405812,0.003841725816,0.00146092063967,0.0,0.0140218995903,0.00369361074221,-0.0043763745998,-0.00538638136766,-0.000830909894087,-0.00719884540181,-0.00701757265865,0.00414269867501,0.00276370512162,0.0,0.000443164199586,-0.0012445552322,0.0,0.000489117153307,-0.00337919703648,0.00586824836843,0.000580214695709,-0.00055912777526,-0.00394700258678,-0.00250469761501,-0.0252083928083,-0.00324675609887,-0.000615195343918,-0.00317781576108,0.00204648514634,-0.00027461211212,-0.00138600160788,-0.00158856268514,-0.000506200972591,-0.00433605015405,0.0216682994791,-0.000510334280022,-0.0012040940648,-0.00577702357692,0.00880873673047,0.00888551335721,0.0,-0.00235656775423,0.00870444063015,0.000652954642852,0.00181983671699,-0.0200026873149
09:42:00,0.00281294137661,-0.0153849188395,0.0,-0.00913248356327,-0.0035482000561,0.0,0.0107463720755,0.0,0.0,0.0,-0.00736199644107,-0.017601195477,-0.00235756494265,-0.00495927335935,-0.000701508271491,0.00211939323416,-0.00134318354647,0.0,-0.00199667287632,-0.0131225348905,-0.000730193533722,0.0,-0.00063311176537,-0.00105392597144,-0.00969597723888,-0.00499792793806,-0.00333056094716,0.0,0.0,-0.00322061470004,0.00045987584163,-0.000887311504534,-0.00177383638529,-0.00457666702741,0.00612487191529,0.00292968959548,0.000483442117223,0.00106326432133,0.00405210395257,0.00111794310134,0.00282087634164,-0.00376884868223,-0.00438597194325,-0.000813338800429,0.0073574826073,-0.000578871217323,-0.00116890720498,-0.00357683694041,-0.00138792527485,-0.00265322522323,-0.00380469704366,0.00406559714361,0.0182389911127,-0.00281150344942,0.00696364922317,-0.00371488702125,0.00213675294974,0.0,0.00333890126551,-0.000726216444408,0.0134096869099,-0.00376032487562,0.00165152803847,-0.000204102460143
09:43:00,-0.00563381771826,0.0119864448804,0.00389484426154,-0.00736651581676,0.00118413276122,0.0,0.0164903618994,0.0,0.0,,-0.00658980967906,0.0194360583771,-0.00869227124393,-0.00355745661553,0.0,0.000705467401392,-0.00471540112524,0.0,0.00332557672638,0.0,-0.00880416545358,0.0,-0.00253646299591,-0.00352113039858,-0.00443853369603,-0.00376490718715,-0.00543593226502,-0.00170140406845,-0.000880669365594,0.00459770924863,0.00687287928776,-0.00266666824692,-0.00177698847293,-0.000834376352119,0.00328253518661,0.0,-0.00193517235041,-0.00106326432133,0.0200178259877,0.00111669470008,0.00112612624514,-0.00504732932724,0.0430173850837,-0.000814000858947,0.00183094344711,-0.00086893560862,-0.00146305805176,0.00330214939576,-0.00836824967052,0.00265322522323,0.00885521282973,0.00162162197698,0.00479288832605,0.00102327970044,0.00310596355296,-0.00911327723287,-0.00320684400958,-0.00192492840958,0.00631336205659,0.0,0.00459393752966,-0.00640869829628,0.00148404677249,0.000408163270973
09:44:00,0.00141143283841,0.0185502789797,-0.00878482955573,-0.00185013928816,0.0117648415796,0.0,0.00466201310581,0.0,0.0,,-0.00414079266603,0.024446667882,-0.00158856268514,0.00568587175035,-0.00351494210744,-0.00141143283841,0.00134952787013,0.00132187725792,0.00199005040801,0.00155279534306,-0.00517178840239,0.0,0.0,-0.00974752954925,-0.00222667649337,0.00209336480046,-0.000838926223699,-0.0046938426269,0.000880669365594,0.000458610418494,-0.000913659268674,-0.00178173766512,-0.00311734832721,-0.00292581190953,0.00560225554867,-0.00292968959548,-0.00339558900114,-0.00373035337991,-0.000566411796508,-0.00167551002616,0.00168681513148,-0.00634519895385,0.0035026305512,0.0,0.0,-0.00086969131442,0.0,0.0,0.0,0.00158856268514,0.00201308573268,0.00242751299248,-0.0107589454899,0.0,0.00262060900424,-0.00399859406109,-0.000856898081568,0.00192492840958,-0.00631336205659,0.00253945356859,0.00506164849142,-0.00562077856073,0.00329001777272,0.00589972212719
09:45:00,-0.000705467401392,0.00250313021812,0.0,-0.000926354860131,-0.00468934036339,0.0,-0.00583092031079,0.0,0.0,0.0,0.00331400469004,0.000894054596881,0.00949374219225,0.00283085822452,-0.00352734051797,0.00141143283841,0.000674081589394,0.00132013220492,0.00528752058068,-0.00155279534306,0.00221975673831,0.0,-0.0082882208601,0.000890075715193,0.00931890480287,0.00417362876293,0.0054404821366,-0.00256959456163,-0.00308574192391,0.00320439734024,0.0,-0.000445930888103,-0.00267976935712,-0.0062985721562,0.0,-0.00244798163864,-0.00243249937506,0.00106723596042,-0.00511219517234,-0.00055912777526,-0.00168681513148,-0.0264446238691,0.000699056302498,0.0,-0.00642302254063,-0.000290065266718,0.000878091670646,-0.00275103337189,0.00279720462106,0.0002645152773,0.00501505564643,0.000807863245769,0.0103034683697,0.0,-0.00548730948631,0.00446796745624,0.0,-0.00173226874229,-0.0016680571007,0.00180995524524,-0.00620815586457,-0.00431966114452,-0.00345480314015,0.000608334197002
09:46:00,-0.000705965437016,0.023065272931,0.0,0.00370028174286,0.0035190652152,0.0,-0.00468934036339,0.0,0.0,0.0,0.00659524237273,0.000893255977215,0.00940445802798,0.00634028189458,-0.00141442739281,0.00492438561068,-0.00134861787129,0.00197693639346,0.00722499037793,-0.00545385068246,0.00516035055931,0.0,-0.000640409884199,0.0,0.014470763366,0.0,0.00582606724936,0.00385192002053,-0.000441598594061,-0.00274599714886,-0.00320439734024,-0.00312709658444,0.000894054596881,0.000842105312922,0.000465441013755,-0.000490316263807,-0.00146234488648,-0.00160128136697,-0.00628393955853,0.00055912777526,0.00168681513148,0.0,-0.000699056302498,0.0,-0.000613873561328,-0.0061108876328,-0.000292611560244,0.000275444155439,0.000558503225911,0.0,0.00349563402148,0.00134499011533,-0.00228050269873,-0.00230385357246,-0.000239263070887,-0.00446796745624,0.00470387867547,-0.0021213005737,-0.0217711746331,0.0124001948325,-0.0166904642871,-0.00802411527005,-0.00164934888124,0.00948256878496
09:47:00,-0.00212089156914,0.00162733965938,0.00488998529419,0.00184501897357,0.0,0.0,0.00819197091459,0.0,0.0,,-0.00742271449277,-0.0116750315805,-0.00156128056695,0.00630033585625,0.00634922767866,0.00977661418462,-0.00202634314523,0.00131578966352,-0.00130975788206,-0.00941922191649,-0.00294551022976,0.0,-0.00320821577709,0.00195538236688,0.0138350671952,-0.000416579885216,0.00207253960197,0.00298571345708,-0.00398318738629,-0.00183486290011,-0.000458610418494,0.0,0.000893255977215,0.00587496444302,0.00417924917557,0.0,-0.000976085973055,-0.00106894718891,-0.00114678911651,-0.00111856834929,-0.00281294137661,0.00261096754072,-0.0035026305512,0.0,-0.00399939004093,0.00116686127592,-0.000292697206831,-0.00137798009954,0.000558191474164,-0.00158814220781,0.00596423239167,0.0,-0.00687287928776,0.00153649197962,-0.00143678185636,-0.003068573162,0.0025564564413,-0.00580834159575,0.00323652441624,0.00053566647116,0.00780151686986,0.0055234888107,-0.00214822853829,0.012967762769
09:48:00,-0.00141643083171,-0.0139175394224,-0.00587085834978,0.0,-0.0035190652152,0.0,0.0253178079843,0.0,0.0,,-0.00248653257,-0.00634347392218,-0.00705608572421,0.00833917271836,-0.00140745976788,0.00485269583134,-0.00610378293802,0.0019704439873,-0.00393959800408,-0.00474309189601,-0.0081451764644,0.0,-0.00774197415362,0.00159701923749,0.00342906465452,-0.00459386901023,-0.00207253960197,0.00509771707167,-0.00221975673831,0.000459031451714,0.000917010609881,0.00223463780142,0.00222965532727,-0.000837170413064,-0.00185528810175,0.00098039223539,0.00243843085954,-0.00160556630691,0.00114678911651,-0.00111982094569,-0.014184634992,-0.00130463162666,-0.019129169909,0.0,0.0,0.00145666449646,-0.00234466695925,-0.00137988154916,0.0,-0.00238695246603,0.00469658507601,0.000806126605524,-0.00923794098494,0.000767361592841,0.0,-0.0123693299238,0.0050933896191,-0.000194193611641,0.0027173929765,-0.000357079096813,0.00264200946284,0.00150112612627,-0.00281620330251,0.0029688294938
09:49:00,0.00141643083171,-0.0141139744335,0.0175101750068,0.0,-0.0070755012162,0.0,0.0180185055027,0.0,0.0,0.0,-0.00499169089724,0.00362976805058,0.00705608572421,0.00207397239913,0.0,-0.00485269583134,-0.00340715832161,0.00196656897204,-0.00660068403135,-0.018393161472,-0.00821206556037,0.0,0.00194111998835,-0.00159701923749,-0.0159589326216,-0.00377438066029,-0.00415801014866,0.00422833610952,0.00177619940126,-0.00275735468819,0.0,0.00089245878302,0.0,-0.000837871854631,-0.0013937284486,0.00195790566706,0.00243249937506,-0.00375637683448,0.00571430126344,0.000560067222705,-0.00114351070208,0.000652528571278,0.00854706057846,0.0,0.0,0.0,-0.00235017734495,-0.00138178825357,-0.00111669470008,0.00238695246603,0.00369231188713,-0.000537345526094,0.00347423626819,0.00204342344412,0.00358809139887,0.000717789240054,0.00780183187727,-0.00956198133372,0.0,0.0176995770994,-0.00778085210186,-0.00267022855588,-0.00132802144352,0.00591134726306
09:50:00,0.00282685700615,-0.000836470144966,-0.00483326218802,0.0,0.0070755012162,0.0,0.0,0.0,0.0,,-0.00921665510492,0.00542006746934,0.0,0.0,-0.00564973254212,-0.0034806857278,-0.00204988114144,-0.00196656897204,-0.00265252144913,-0.00242424361151,0.00074934435878,0.0,0.0102894798484,0.00159701923749,-0.00435730536896,-0.00168208618298,-0.000416753496343,0.00210748233956,-0.00133185369299,0.000919963266355,0.00365965641753,0.00222766855322,-0.000891265656146,-0.00251783599234,-0.00139567363897,0.00292968959548,-0.00291971010333,-0.00107584733346,0.00907550188287,0.000559753722984,0.00171477607037,0.00130378114948,-0.00497690326975,0.0,0.00184786008848,0.000582072193384,-0.00530818114573,-0.00304667179302,-0.0025171318003,0.00158814220781,-0.0108696722369,0.0,-0.00115673812782,-0.00127665024361,0.000477440925756,0.000717274388194,0.00398281629098,0.0058651194524,-0.00288747546692,-0.000526454342246,0.000332336327419,-0.00401875959492,-0.00666669135819,0.00529049926052
09:51:00,0.000705467401392,-0.00419287826004,-0.00193986481783,0.0036798569584,-0.0070755012162,0.0,-0.00896866998276,0.0,0.0,,-0.0110030733443,0.0143115143933,0.0,-0.00345901417179,-0.0028368813352,0.0,0.00341413783326,-0.00394477829102,-0.000664231176863,-0.00243013485329,0.00373832211061,0.0,0.00446856792088,0.0,-0.0013109025255,0.00503779402996,0.00623313881778,-0.00252951230996,-0.000444345708267,0.00229621226035,-0.000913659268674,0.0,-0.000892060719281,-0.000840689414793,0.000930665492953,-0.00292968959548,-0.000975134158206,-0.00161594433225,0.00731367535712,0.00111856834929,0.00796363708155,0.00714056912607,-0.00214056449911,0.0,0.00674642239885,0.00116312894765,-0.000591540981461,-0.000832523983148,0.000559910428962,0.000528820742096,-0.00398208589912,-0.00188298643397,-0.0051056040357,0.00076618570981,-0.00718565966087,0.002148741426,-0.0031430093972,0.00427932961937,-0.00187281913938,-0.00793025567598,-0.00817420516112,-0.00555229827156,0.00300551236428,-0.00568350378513
09:52:00,0.00772747083779,0.005029348405,0.00484262447579,-0.00275862243908,0.00236406729488,0.0,0.00561483788433,,0.0,,-0.0128481424778,0.0210904126577,0.0,0.000692760678901,0.00212841513483,0.00486957483996,-0.000681895696385,-0.00263852395818,0.00991743665735,0.0048543784648,0.0066939632628,0.0,-0.001274697432,-0.00337448149003,0.0113044682087,-0.00293562802563,0.000414164429196,-0.00677681543142,0.0,0.00320586489363,-0.000457142865104,0.000444938828252,0.000446129831178,-0.00210482081496,0.00278681090718,-0.00293829790245,-0.00342047731483,-0.00215866246804,-0.00505761123044,0.0,-0.00568183346743,0.0217538968736,0.0,0.0,-0.00214165601211,0.000290570974005,-0.00891536365795,-0.00584715573747,0.000559597104698,0.00026430553874,-0.0027469114538,-0.000808080852054,-0.00653597097979,-0.00127730251112,-0.00433631129978,0.00119175320982,-0.00315291905962,0.00155159069142,0.00153256734978,-0.000353919663931,-0.00672271439488,-0.00456583189403,-0.00417676657665,0.00039300452461
09:53:00,0.0048865716783,0.00915528658695,0.00385728539976,-0.000921234519321,0.00235849165929,0.0,0.00780818244781,0.0,0.0,0.0,0.00858374369139,0.00693243677564,0.00156128056695,0.000692281093761,0.00141643083171,-0.00138888911215,0.000681895696385,0.00395517984293,0.000657678418971,0.00483092726967,-0.00445765968452,0.0,-0.0115459909971,-0.0017806272511,0.000432245522183,0.002097756171,0.00206825306406,0.000424899092859,-0.00222469502211,0.00137080213378,-0.00228885428375,-0.0035650661645,0.000891663010482,-0.00549335841611,0.00185356864932,0.000490316263807,-0.00146950797936,-0.0027048975107,-0.0130424304132,0.00111731855199,-0.00228180361411,0.0,0.0120697240873,0.000814000858947,0.000612369890538,0.0,0.0103935605273,-0.00700577336464,0.00055928413091,0.00026423569978,0.00523757276625,-0.00161812333041,-0.00234466695925,-0.000767165361753,0.00337431026359,0.00332937287329,0.000210504158235,0.00154918698683,0.000510334280022,-0.00354610300675,0.0033670065479,-0.000508603893307,-0.000502386345659,-0.00591134726306
09:54:00,0.0020869572792,-0.00248859522877,0.000962001036191,-0.00276880656813,-0.00117855051944,0.0,0.0176216013498,0.0,0.0,,0.00851068966791,0.0128701905205,-0.00156128056695,0.00276434177415,0.00423729447551,0.000694685682678,0.00272294245846,-0.00131665588475,0.0019704439873,-0.00483092726967,-0.00447761942129,0.0,-0.00323102058145,-0.00214094640208,0.0,-0.00125812555912,-0.000413308540705,0.00550732169376,-0.00178332637543,-0.00228571528086,0.00228885428375,-0.000893255977215,0.000445533533767,-0.00722945951186,0.00185013928816,0.0,-0.00491401480243,-0.00870516922733,0.00455581653586,-0.000558503225911,-0.00114285726725,-0.0191699161077,0.0,0.000813338800429,-0.00153162842011,-0.00116279082869,-0.000295464620261,-0.000844000612768,0.000838340135728,0.000528262030246,0.00496278934213,0.0,0.0,-0.00102380351917,-0.00216789197274,0.00379147373626,0.00399118269547,0.0,0.00169923575296,-0.0023117286013,-0.00809994303679,0.00135570263096,0.00501254182354,-0.000197647989575
09:55:00,-0.0034806857278,-0.00332779009267,-0.00481928643595,0.0,0.0,0.0,0.0,0.0,0.0,0.0,0.0134682170509,0.0160679989718,0.0,0.00137931056351,0.00421941554271,0.00346620797649,0.00271554817248,0.0,0.00392927813989,0.0,-0.00299625692323,0.0,-0.00194363520857,-0.00250357784559,0.00474241026784,-0.00125971043322,-0.00165494452335,0.00253164692178,-0.00357622196077,-0.000915750979747,-0.00183066412682,0.0,0.0,-0.00513479947204,0.00138536156999,-0.000980873055592,-0.00493828164058,-0.00988475923254,0.00848661387732,0.000558503225911,-0.00343642949858,0.00643089033029,-0.00282685700615,-0.00162733965938,-0.000613308820206,0.0,0.00118133504583,0.00617285910708,0.00278940208758,0.000264026404174,-0.00173417608183,0.000809388955559,-0.00282087634164,-0.00102485276713,-0.000723676307062,-0.0042664203137,0.0104276231623,-0.00738010729762,-0.000169793701061,0.000889758934044,0.00135455489726,0.0030436276455,0.00448990527285,0.000197647989575
09:56:00,-0.00559442018532,-0.00836824967052,0.00481928643595,-0.000924641767219,0.00235571369246,0.0,-0.0120814209742,0.0,0.0,0.0,0.00333890126551,0.00752197445469,-0.00391389932114,0.00481265968442,0.0,-0.00694447235281,-0.00543849063094,-0.00131839175326,0.00261096754072,-0.00810377206311,0.0,0.0,-0.00324781058468,0.000894854645844,0.0051480165174,-0.00126129930533,-0.0024875634718,0.00294551022976,-0.00628932890756,-0.00137520076681,-0.000916590348315,0.00312291130448,-0.00133719654425,0.00811796810245,-0.00323550085815,-0.000981836112257,0.00395257431582,-0.00110436234305,-0.00451722958982,0.000558191474164,0.00114678911651,-0.00836824967052,0.00212089156914,0.0,-0.00092066908452,-0.000872981286345,-0.00088587042557,0.00139762426664,0.0,0.00184623552376,-0.00821615477134,-0.000269723535014,-0.00188501469577,-0.00359527865443,-0.0104306585473,-0.005239354686,0.00826450984989,0.0019474202844,-0.00323157012243,0.00142196966726,0.00135272256001,-0.00389072638315,-0.00482329417409,-0.00098863082694
09:57:00,-0.00986618292105,-0.00421053253634,-0.00192492840958,0.00369344833535,0.00469484430421,0.0,0.00550965581097,0.0,0.0,0.0,-0.00752826642079,0.0074658165108,0.000784006312209,0.0,0.00210305019678,-0.000697107034156,-0.000681895696385,-0.000659848258847,0.000651678094096,-0.00734997183873,0.00523757276625,0.0,0.00259909178152,0.0035714323676,0.00554727259935,-0.00168421092443,-0.00166182007501,0.00209863665692,-0.00769060564997,-0.000917852290229,-0.00321469852047,0.00133541083723,0.0,0.00466992994731,-0.00417537141048,-0.00295130563458,0.00393701295934,-0.00387490105655,-0.0039693842875,0.0,0.00171772157895,0.00515797404027,-0.000706464176327,0.0,0.00122737051309,0.0,-0.000295464620261,-0.000558815326081,0.00139178867282,-0.000527148140832,0.00249688019859,0.00215575400113,0.0,-0.00671143458799,-0.00024387269966,-0.00191204647163,0.0020554991821,-0.0029225544426,-0.00341297259624,0.00354610300675,0.00472017059789,0.00389072638315,-0.00133466819946,-0.00894193737566
09:58:00,0.00282885620048,0.0,-0.00968061771072,-0.00461894585629,0.00117027514819,0.0,0.00875279110959,0.0,0.0,0.0,-0.00420698979763,-0.0082988028147,0.00469117357588,-0.00550207715398,0.00139958035442,0.00417537141048,0.00136332672786,-0.00132100415511,0.00778719055177,-0.00246204473977,0.0059523985273,0.0,0.00582337459318,0.00017823723423,0.00720800237578,-0.00210926043187,-0.00208116620382,-0.00209863665692,0.00588636519661,0.000917852290229,-0.00138089780286,-0.000444938828252,-0.000446129831178,0.00422654897989,-0.000465008146022,-0.000985707324759,-0.00295130563458,0.00387490105655,-0.00284495213223,0.0016727073875,0.000571918803121,0.00321027563025,-0.00851672997488,0.0,0.0,-0.001165161798,0.000295464620261,0.00279095911002,-0.00194904697646,-0.00131908738293,0.00224187414859,0.00107613677321,0.00117855051944,-0.00858374369139,0.00850035476539,-0.00143643788166,-0.00824746943002,0.0,-0.0089286307443,0.0,-0.00556540773721,-0.0030436276455,-0.00300953245041,-0.00139818259071
09:59:00,0.00352485384344,0.0,-0.000973236086552,-0.0139862419747,-0.00468934036339,0.0,-0.00765449336053,0.0,0.0,0.0,-0.0084674510991,-0.00836824967052,0.0,-0.00138026246896,0.00418702635422,0.00277392688273,-0.000681431031479,0.0,0.00515797404027,-0.00329218404348,-0.00222799943631,0.0,0.00643089033029,0.000890709954675,0.0,-0.000844951465564,0.00332779009267,-0.00252419149591,0.00674918197493,0.000917010609881,-0.00507966920008,-0.000890472008975,-0.000446328951841,-0.00253378513937,-0.000930665492953,0.000985707324759,-0.00246609249519,0.000552333623542,0.0,-0.00111482731725,-0.00114416488455,-0.00256739550525,-0.00214056449911,0.0,-0.000920386627329,0.001165161798,0.00206581156542,0.00333890126551,-0.00111544908387,0.000263956712632,-0.00523887938886,0.00268528625375,0.00329257117777,0.0026089239948,0.00217417648153,0.00239291810761,-0.00207253960197,0.00408918883508,-0.0161700471854,0.00176834705674,-0.00220096592702,0.00169204778102,0.00217445933299,0.00954851097985
10:00:00,0.00491401480243,0.0,0.0106538537973,-0.00564973254212,0.00117439825594,,-0.00329851865866,0.0,0.0,,-0.00511510066677,-0.0092866855682,0.0023373598487,0.00138026246896,0.0055555698446,0.00207540717871,0.0,0.000660720209039,0.000642880125003,-0.00165016539096,-0.00671393793935,0.0,-0.00643089033029,0.00106780576083,-0.0161843396296,0.000422564975652,-0.00291121020746,-0.00295296565563,0.0,0.00274599714886,-0.000926354860131,-0.00401696590136,-0.00134018335896,-0.0033883979899,-0.00373134761286,0.00147674159251,0.0,-0.00165791693129,0.00284495213223,-0.00111607154442,-0.00171870566513,0.0,0.000714030733657,0.0,-0.00122850138301,-0.001165161798,0.00705055799667,0.00166527931906,-0.00167551002616,0.00131873947636,-0.00325692383603,0.00214304930666,-0.000234824469789,0.00338145724726,-0.000965717119959,0.000955566245668,0.000829531362375,-0.00897917412927,-0.0114589178041,-0.00159137156739,-0.00135685231129,0.00101385611929,-0.000334224602042,0.00296530809357
10:01:00,0.00279720462106,0.00252844635336,-0.0126031721533,0.0,0.00117302066236,0.0,-0.00996134412967,0.0,0.0,,0.0,-0.0249046791801,0.00465839351732,0.0,0.00552487593197,0.00207110878314,0.0013623980309,0.00395517984293,-0.00192988158965,0.00494234943443,0.00149588659158,0.0,0.0,0.00124433399755,-0.00171895186288,0.00421585784621,0.000416406418676,0.000422386489912,-0.00404404055974,0.000456933980991,0.00508436500879,0.000894054596881,0.000446927381741,-0.00254885439606,0.0,-0.00147674159251,0.0112940066188,0.00165791693129,0.00735921804201,-0.000558503225911,-0.00114744705648,-0.000642880125003,-0.000714030733657,0.0,-0.000307361305632,-0.000291502698464,0.000585308767076,-0.00110987802736,0.000279446697361,0.000790409736843,-0.00907492993767,0.000267558530024,0.0,0.0131563873681,-0.00241838086428,0.00571430126344,0.0012430082396,-0.0057025029174,-0.0106952891167,-0.00674718468764,-0.000339500936889,-0.000168904653724,-0.000836050546148,0.0066889881508
10:02:00,-0.00279720462106,-0.00168492036492,0.000975134158206,0.0,0.00117164629689,0.0,-0.00222717241282,0.0,0.0,0.0,0.00341297259624,0.0274459766087,0.00540750641739,0.0,0.0,0.000689417469568,0.000680503598905,-0.000658111244549,-0.0103560796101,0.00410004674401,0.00372995583506,-0.0057270280618,0.0128206884291,0.00283839111974,0.0,0.00419815897864,-0.00500835771437,0.000844238125281,0.0,0.00273722798641,0.00505864495626,-0.000894054596881,0.0,0.00212449623141,-0.000935016430907,-0.000492732210018,-0.0063678882827,0.0104367879521,-0.0039559249103,-0.00167738367537,-0.00114876520387,-0.00322061470004,0.00214056449911,0.0,-0.000922651149568,0.0,-0.00528015307128,-0.0005554012917,0.00027936862872,0.000789785482675,-0.00228165899467,0.0026716553428,-0.00211590533861,-0.00333718702731,-0.00169635324818,-0.00380590373768,-0.00103573287353,-0.00217155351351,0.00536194314139,-0.00231873821896,-0.00408302710824,-0.00287575263736,0.00100317681043,0.00488998529419
10:03:00,-0.00561799230422,-0.0135825517659,-0.00195122013126,-0.0047326165001,0.00233918235317,0.0,0.00333890126551,0.0,,0.0,0.00255210687224,0.00926322413187,0.000770119406564,-0.00138026246896,-0.00275862243908,-0.00137931056351,0.00610378293802,-0.00197693639346,0.000650406526994,0.00163532334073,0.00445765968452,0.0057270280618,0.00824616153866,-0.00266075545003,0.0051480165174,0.000418848173663,-0.00209424160311,-0.000422029970391,0.0,0.00318399177335,-0.00321617552671,0.0,0.00133958492906,-0.000424538320959,0.000467617497415,-0.00296150265807,0.00587948778459,-0.00273597981887,0.00339175000112,-0.000559753722984,0.00229621226035,0.00193361323539,0.00497690326975,0.0,0.0,-0.00116686127592,0.0,-0.00612986037554,0.00223214378394,0.00262812240627,-0.000507743092908,-0.000800747406993,-0.00330033302866,-0.0046391835781,0.00242248180483,0.00166686548893,-0.00394559747667,0.00767795877364,0.0160908785148,0.0,-0.00924822484722,0.00287575263736,0.0018365478073,0.011832162092
10:04:00,-0.00564973254212,-0.00772204609391,-0.00784317746103,-0.00380228594974,0.00349854584251,0.0,0.0110498361866,0.0,0.0,0.0,0.0109844788453,-0.00588484254025,-0.00617762582396,0.00069036937502,-0.00554018037562,0.00206825306406,-0.00203045755038,0.002635047638,0.010349380862,0.00488998529419,0.00591280362711,0.0,-0.00189693386,-0.00355872261699,0.00256410396894,-0.000418848173663,-0.0012586534072,0.00126555595883,-0.000900900961834,0.00723985062769,-0.00138153372192,-0.00223863984246,0.00133779284166,-0.00212539931231,0.000467398933492,-0.00594944739509,0.000488400498109,-0.00274348594575,-0.00112930559715,-0.00224215340569,0.00171870566513,-0.00128865997215,0.00212539931231,0.0,0.0,-0.000291928187739,-0.00235571369246,-0.000279524809647,0.000835771047396,0.00523561405394,0.000507743092908,-0.00133600554274,-0.00592068040973,0.00746368154009,0.00169225230763,0.00142653376545,0.00518834825799,0.000196097657261,0.0120304824706,0.0035650661645,0.00822485788088,0.00168776411372,0.00416147084125,0.0132173172124
10:05:00,0.0,0.00429738521255,0.0,0.000951927725382,0.0,0.0,0.0,0.0,0.0,,0.00670019256982,-0.00337838159163,0.003093583287,-0.00623054975064,-0.00208550649102,0.00137646270872,-0.00407332538764,0.00524935588614,-0.00128783018443,0.00405680069561,0.00147275431627,0.0,-0.00063311176537,-0.00124855095146,0.00383387051072,-0.00125759815359,0.0,-0.000843525988439,-0.00225580966401,-0.00135348543108,0.000460723343787,-0.00584402652222,0.000445533533767,0.00127578158916,-0.000467398933492,-0.00598505527225,0.0,0.00274348594575,0.000564812214959,-0.00112296474462,0.0,0.0121757351658,0.00212089156914,0.0,0.00307219903697,-0.00233849858103,-0.00206581156542,0.00307048391967,0.00250313021812,0.00208659439295,0.00228165899467,-0.00214132844134,-0.005239354686,0.0,-0.000241575070627,-0.00214056449911,-0.000207017907789,0.0,-0.0334833041268,-0.00178094437099,0.00187537349313,0.00906502766254,0.0,0.0
10:06:00,0.00353482163749,0.0119353505493,0.0,0.00663824154129,-0.00116482249629,0.0,0.00329128108407,0.0,,0.0,0.0,-0.00169348050633,0.00462250437887,0.0,0.00347343176587,0.00343289042932,-0.000680503598905,0.0,-0.00646414661989,-0.00405680069561,-0.00738555794339,0.0,-0.00571611591329,-0.000892777489885,0.00635730049547,-0.00167926151972,0.0012586534072,0.000843525988439,-0.00452694299578,-0.00180750162179,-0.000460723343787,0.00225174605388,0.00178015178296,0.000424899092859,-0.00421645037893,0.000500125041682,-0.00342382334955,0.0,0.000564493382192,0.00056164000353,0.000572246081424,-0.00255102179161,0.00493132383619,0.0,0.000306701428566,0.00116993286231,0.00206581156542,-0.00279095911002,-0.00278164296188,0.00156209352254,0.000253196608518,0.00026791694735,0.00309929917895,0.000512689065319,0.00144857582066,-0.00477327875266,-0.00414938354681,0.0,0.0211019444596,0.0,0.00153178482849,-0.00234231326767,-0.00482891621894,-0.0105213787415
10:07:00,0.00422535839917,-0.00765635386199,0.0,0.0112783150377,-0.00116618089018,0.0,0.00109469085918,0.0,0.0,,-0.00670019256982,-0.00424629088145,0.00613028739739,0.000694203429476,0.00207828270164,0.00751113125,0.00475382898654,0.0,-0.00259740405769,0.001624695727,0.0,0.0,0.00254453063499,-0.00125122904875,0.00168847655142,-0.00294551022976,0.00418410652257,-0.000843525988439,-0.0018165309264,0.00225886700973,-0.00184501897357,0.0,-0.00133481666093,-0.000849978801704,-0.00470589103741,0.00945515877076,0.00342382334955,0.00273597981887,0.0011280317045,0.00168302985029,-0.00286451069546,-0.00319795603532,0.0049071251641,0.0,-0.000306701428566,-0.00175541297271,0.0,-0.000279524809647,0.00166991410919,-0.00364868791549,0.00630916919326,0.00267522898984,-0.00429389972718,-0.00565408856574,0.00168735727633,-0.00215543132186,0.00269905696916,0.00917348094034,-0.0107613281609,-0.00142704269669,0.00559655492816,0.00334448472285,0.000834237138563,-0.00269593847091
10:08:00,0.000702493882069,0.0,0.0,0.00279981517475,0.0,0.0,0.00218579321998,0.0,,0.0,0.00419287826004,0.0118444701125,0.00533334597536,0.00415513063196,0.00207397239913,0.0047506027586,0.00270636159774,0.00457069029483,0.00064998377329,0.00485830915108,0.00296077196303,0.0,0.00506971935025,0.0016084356966,0.0075630612604,0.000842460032978,-0.000835421936642,-0.000422029970391,-0.00592661866964,-0.000451365387939,0.00276625349289,0.0,-0.000890868655801,0.000425079708845,-0.000943841504706,-0.00198314393205,0.000976085973055,0.00544960476756,0.000563539039991,0.0,0.00114678911651,0.00319795603532,0.0131992190667,0.0,-0.00153491971808,-0.00352009750398,0.0,-0.00167879166457,0.0,-0.00287619494918,0.00576948797191,-0.000534473556283,-0.003592388009,-0.00309757604413,-0.0048285946062,0.00215543132186,0.00764229682557,0.000582694005027,0.00212615246643,-0.000178523610222,0.00489246020172,-0.00334448472285,0.00233216830676,-0.00735439738259
10:09:00,0.0,0.0,0.0,-0.00467072311056,-0.00350672480921,0.0,0.00652885888246,0.0,,,0.0,0.00168067266452,0.00757005886055,0.000690846314178,-0.00345901417179,0.00741993286166,0.00337268447864,0.0110140407219,-0.00064998377329,0.0136383983213,-0.00147929021059,0.0,0.00189453798378,0.0017841217935,-0.00083752098698,0.000841750891452,-0.000836120450049,-0.00168990323275,-0.0124225199986,-0.000451569210654,0.00367647472931,0.00314395048997,0.0,0.00212269236995,-0.00331047831303,-0.00248447332766,0.0,0.0027137058716,0.0,-0.0011217051092,-0.00114678911651,0.0,0.0075627723817,0.0,0.00153491971808,-0.00176470634032,-0.000589796537298,-0.00308512374837,,0.000261814375105,-0.00075065685997,0.000534473556283,-0.00336457899715,0.00309757604413,0.00434678298521,0.00548730948631,0.0132858367116,-0.000582694005027,0.00529568757471,-0.00375637683448,-0.00337154736102,0.000837170413064,0.00166251077361,-0.0035026305512
10:10:00,-0.00775470928739,0.0144131363249,0.00490919002624,-0.0103530336499,0.00233918235317,0.0,0.00863936259071,0.0,0.0,,0.0033416906619,-0.00843175315794,-0.00453515516539,-0.000690846314178,-0.000693240928976,0.00469327043175,0.0,0.00514139950042,-0.00130123635797,-0.0112180663613,-0.00296516154983,0.0,-0.00569441589356,-0.000178269008405,-0.00546105116922,0.000420609890533,0.0,-0.0033883979899,0.00231213975838,-0.00634347392217,-0.00229621226035,0.000448329978368,-0.000891663010482,0.00084781692234,-0.000473821378209,-0.00598804184462,-0.000976085973055,-0.0027137058716,0.000563221642599,0.0,0.000573558948904,0.0,-0.0075627723817,0.0,0.00214493724032,-0.00206276778609,0.0,-0.00253129090299,0.0,0.0,-0.00476729042391,0.000267129693054,-0.0033759376167,0.00360175331483,-0.00241254640538,0.00118891941243,0.0060728931579,-0.00213945428296,0.00491746688153,0.00250581838655,-0.00372187876773,0.00284114839734,-0.00282791505102,0.00175284882741
10:11:00,0.00070746377199,0.00168208618298,-0.0029426210542,-0.00379147373626,0.0,0.0,0.00643089033029,0.0,,,0.00249896006764,-0.000847098737652,-0.00303490369515,0.000690846314178,-0.000693721845372,0.00467134649929,-0.00607904607638,0.000640820271849,0.0,-0.000806126605525,-0.00148588437442,0.0,0.00379987790977,0.000356506242635,-0.00846028734939,0.000840689414793,-0.000836820132515,-0.00212359391761,0.0110244570863,-0.000909504382841,0.0,0.0,0.000891663010482,-0.00212089156914,0.00236686501027,-0.00401204148996,-0.0014659176825,-0.0010875476874,-0.000563221642599,-0.00168492036492,0.0,-0.000638773576495,-0.0131992190667,0.0,0.00244573646828,0.00235710185738,0.00294551022976,0.0,0.00194471515658,-0.00130975788206,-0.0020140993717,0.00320000273067,-0.000483208513872,-0.00360175331483,-0.00120845936157,-0.000713182010498,0.00743946328518,-0.00116890720498,0.0101098996016,0.0,0.0,0.0010008341119,-0.00216793214235,0.00213820666555
10:12:00,-0.0028328630843,-0.0092866855682,0.0,0.0132077391678,0.00233372334622,0.0,0.00426439878646,0.0,0.0,,0.0024927308296,-0.00851068966791,-0.00152091284071,0.00069036937502,0.00277200454701,0.00795760167331,-0.00407332538764,0.0,0.00130123635797,-0.00404040953701,0.00148588437442,0.0,0.00315557219881,0.0,0.00677394630896,0.000420079821342,-0.00125654466795,-0.0012763243596,0.0045578930319,-0.000910332334145,-0.00184077364449,0.00179131261514,0.00133600554274,-0.000849617723156,-0.00141944665423,-0.00554297211597,-0.00293829790245,-0.00655024176072,-0.00451722958982,-0.00168776411372,0.00229095174656,0.0,-0.00280112227971,0.0,0.00396160810672,0.00323196990603,0.0,0.00729520631593,0.00332502384477,-0.0018365478073,-0.00201816415624,0.000798403236024,0.00530249494982,0.0,-0.000967820061027,-0.00238095350574,-0.00300933119071,-0.00175592670226,-0.0115124243757,-0.00412002374109,-0.00339558900114,0.00846688879796,0.000500709348691,0.00193986481783
10:13:00,-0.00640343703521,0.0,0.0,-0.00281558140016,0.0,0.0,0.0,0.0,,,0.00826450984989,-0.00171086440363,0.000760745567309,0.000689893093938,0.00276434177415,-0.00264550418842,0.00339558900114,-0.00513809736674,0.00129954534209,-0.00324412287762,0.0,0.0,0.00125944601031,-0.00321314092938,0.00126502230659,0.00794816984917,0.0,-0.00383877630717,0.000454648791646,0.00363636764338,0.000460511175534,0.0,0.0,-0.00127578158916,0.00378072283991,-0.0147622940448,-0.00245519396595,0.00218818468055,0.00113122184009,-0.00281928576928,-0.00114481981593,-0.000639181868997,0.00280112227971,0.0,0.00243013485329,0.00175849986699,0.0,0.00307048391967,0.00826450984989,-0.00157687286288,-0.00227531383714,0.00212596412786,0.0,0.000772897114348,-0.00121109376557,-0.00190885288216,0.00260860988701,0.0,0.00017542320894,-0.00161681522691,0.00118976813559,0.000165302917973,0.000500458764303,0.00752971990811
10:14:00,0.000713521257528,0.00338696344102,-0.00196656897204,0.0018779348242,-0.00701757265865,0.0,-0.00106439605579,0.0,0.0,0.0,0.00819676720418,-0.00601118169028,0.0,0.00137835997012,-0.00069036937502,-0.00931477127455,0.00338409798424,-0.00516463381684,-0.000649561568796,0.000812017909012,-0.00297397988713,0.0,0.00376884868223,-0.000536528672443,0.0,0.0074720148387,0.0,-0.00128287381289,-0.00409929975094,-0.0018165309264,-0.000460511175534,-0.000895255207511,0.0,-0.00426439878646,0.0,-0.00979136912928,0.0,0.00327332534497,0.000565131408089,0.00338219037182,0.00114481981593,-0.00192000058982,0.00696866931609,0.0,0.0,-0.00175849986699,-0.00206094582002,0.00887908164113,0.00955638672022,0.00341342067018,0.0,-0.000531067458047,0.00335973438184,-0.000772897114348,-0.000484848494346,0.000238805971284,0.0,0.00564698219523,0.00420095139086,-0.000359647549282,-0.00135985062601,-0.00497101272202,-0.00100116811299,-0.00752971990811
10:15:00,0.00427046912345,0.0100926003872,0.0,0.0,-0.00235017734495,0.0,-0.00426894991958,,0.0,,0.00163132173208,0.00172117082077,0.00227877045059,0.0,0.00069036937502,-0.00267737777072,-0.00270636159774,0.00258565108502,0.0,0.00485830915108,-0.00447761942129,0.0,0.00312989300893,-0.00304577857961,-0.00126502230659,0.00289077219685,-0.000838574472621,0.00384369467456,-0.00228467085898,-0.0013645669618,0.000920810378138,-0.000896057407625,-0.000890472008975,-0.000427441767568,0.00094295150787,-0.00155480725802,-0.00344743015651,-0.00218102594636,0.00225733730165,0.00112485951118,0.000571918803121,0.000640409884199,0.0,0.0,0.000606612090182,0.00175849986699,0.00206094582002,0.0109891215756,0.00460892777365,0.00130975788206,0.00202275669474,-0.00239329990584,0.00143643788166,0.00308801068858,-0.000485083686446,-0.000238805971284,-0.00401606965489,0.000388274126408,-0.000873744048597,0.0,0.00339616560082,0.00165975141836,-0.00334448472285,-0.00310559255815
10:16:00,0.0028368813352,-0.00755988480794,0.0,0.00187441479435,0.0,0.0,-0.00751479650249,,,,-0.0139518061201,0.0111159759399,0.0,-0.000688942500553,-0.00414938354681,0.0106667678042,-0.000677736386498,-0.000645786267196,0.00129870148124,0.00563835565427,-0.00524935588614,0.0,0.0111871893906,-0.00413558082906,-0.000422029970391,0.00493625025362,-0.00167926151972,0.00212901932665,-0.00274851295335,-0.00136643154943,0.000460087424725,-0.000448329978368,0.0,-0.000855432045321,0.00282353128761,0.0108332243371,0.00197141512838,-0.00328048407916,-0.00225733730165,0.000561955620296,-0.00114416488455,-0.00192246134185,0.00346620797649,,-0.000606612090182,-0.000292868650504,0.0,0.0,0.00351019666485,0.0,0.0010098460843,-0.0015987213637,0.0,-0.00257267957694,0.00121226830218,-0.000477783095568,0.00201005092802,0.00310077767825,-0.0035026305512,0.00538117890452,0.000338983054093,0.00165700120763,-0.00167644632725,0.0
10:17:00,-0.000708466200373,-0.000843525988439,0.000983767910133,-0.00187441479435,-0.00235571369246,0.0,0.00107700602764,,,0.0,-0.00497101272202,0.00339558900114,-0.00227877045059,-0.00137931056351,0.0,0.00132538124107,-0.00135685231129,0.00451177046366,0.00259235401173,0.00800004266708,-0.000752162502554,0.0,0.000617856059198,-0.00904983551992,-0.00338266707327,0.00286826666628,-0.00505477066162,0.00169995791045,0.00137520076681,-0.00182481802463,-0.00138089780286,0.0,-0.000445533533767,0.0,-0.000940291559642,0.0107171222245,0.000984252047962,-0.00109589052064,-0.00566573753568,0.0,-0.000572573734509,0.000641231185806,-0.00346620797649,0.0,-0.0012143292324,-0.00117233307682,0.0,0.00816331063916,0.00134680155038,-0.000523697314928,0.0017647804908,0.0,0.0,0.00334319457589,0.00169471048913,-0.000478011481377,0.0,-0.000193517175253,-0.00704228262541,0.00160872319975,0.00405885894616,0.000496565432698,0.00150892810925,0.000583033735299
10:18:00,0.00353732240085,-0.00422833610952,0.0,0.0,-0.00354400843473,0.0,0.00107584733346,0.0,,,-0.00416147084125,0.0,-0.00457317870196,-0.00069036937502,-0.00208116620382,-0.00664454271867,0.000678656286651,-0.00451177046366,0.00193986481783,0.00397614837964,0.0060015183887,0.0,-0.0118050454498,0.00688533251035,-0.00893432873377,-0.00904239617845,-0.00338409798424,0.00212089156914,0.000915750979747,0.0,-0.00184416834193,-0.0013461971968,0.000445533533767,0.00299081615805,-0.00235460433721,-0.00254129742867,0.00441718509626,0.000548095382315,-0.00398520311096,-0.00112422721228,0.0,-0.00128287381289,-0.00138985428905,0.0,-0.000607718037543,0.000293212141083,0.00293685967331,0.00540541856691,-0.0037756247657,-0.00209753616495,0.00602714029452,-0.000800320170769,-0.00167604492725,0.00128287381289,0.00289855275401,-0.000478240085633,0.00180559784234,0.000386996908854,0.00704228262541,0.00107104615737,-0.000168790615643,-0.00215356664033,0.00317805737087,0.00639103560077
10:19:00,-0.00779869248582,-0.00424629088145,0.000982801061908,0.000937646575964,0.0,0.0,-0.0021528533611,,0.0,,0.000833680748578,0.0117945764928,-0.00536194314139,0.00138026246896,0.00138792527485,0.0,0.0,-0.00453221882956,0.00193610902687,-0.00238379135528,0.00149476858923,0.0,0.0,0.00216450300957,-0.000427441767568,-0.00496689762834,-0.00212089156914,-0.00339558900114,0.00137205601218,-0.00228571528086,0.00138344499815,0.00179452717516,-0.00133719654425,0.000852878516517,-0.00188768342982,0.0010172940857,-0.000979911886349,0.00600930516384,-0.000570613424898,0.00168586721581,-0.00171969087953,-0.00128452169236,-0.00208841008727,0.0,-0.000608087583347,0.0,-0.000293298139659,0.00537635703638,-0.00650585108488,0.0,0.000750844735563,-0.000533902842367,-0.00215905085669,0.0,0.00144613185,0.0,0.000200420884527,-0.0007741436423,-0.00228330651584,0.00285052749581,-0.00101334242753,-0.00498754151104,0.00200200267067,0.00385356931599
10:20:00,-0.00142450166539,0.0,-0.00196656897204,-0.000937646575964,0.0,0.0,-0.00757169653089,,,,0.00415801014866,-0.00503779402996,0.00383289085571,-0.000689893093938,0.000693240928976,-0.000666888987704,-0.00135777346046,0.00129701704304,0.00128865997215,-0.000795861562104,-0.00299177485682,0.0,-0.00752826642079,0.00144040356197,-0.00171159648118,0.00372748412533,-0.00169995791045,-0.00298062813814,0.0,-0.00274977258507,0.00138153372192,0.000896057407625,-0.000446129831178,-0.00170648505576,-0.00331204466475,-0.00305499219271,-0.00294551022976,0.00759634689193,0.00341880674879,-0.00056164000353,0.000573558948904,-0.000642880125003,-0.00139470036555,0.0,-0.00335110747726,0.0,0.000293298139659,0.0106667678042,-0.00245064792492,-0.000787711738249,-0.00175284882741,-0.000267058353837,-0.00336781651012,0.00307219903697,0.00192492840958,-0.00239463715962,0.0,-0.00485202310453,0.00228330651584,0.0012445552322,0.00185701074721,0.0,-0.000500125041682,0.00479617226349
10:21:00,0.00142450166539,0.0,0.0,0.0,0.0,0.0,-0.00435256399884,,,0.0,0.00165837517278,-0.00675678246288,-0.00229797113762,0.000689893093938,0.00276816785761,0.0,0.0,-0.000648298239886,-0.00322476899901,0.0023856870162,-0.00149925065564,0.0,0.00377121754308,-0.000359906428215,0.00085616443586,-0.000413479435289,-0.00127686759208,-0.00170721338947,0.0031941619674,-0.000459031451714,0.00183908097812,0.000447727788988,-0.000446328951841,0.0,0.000473821378209,-0.00204185880027,-0.00196850457267,-0.00759634689193,0.0,0.0,-0.00229621226035,0.000642880125003,-0.0027952498983,0.0,0.00152462295122,-0.00146692119601,-0.00146735169395,-0.0157736193815,0.00543775130013,0.000787711738249,-0.00050137880218,-0.000267129693054,-0.00410479871301,0.0,0.00575265248945,0.00215543132186,0.0,0.00233190933498,-0.00351494210744,0.00566975296295,0.00134839056331,-0.00350613932929,-0.000834097971454,0.0
10:22:00,0.0,0.00170068068202,0.0,0.000937646575964,-0.00118413276122,0.0,0.00435256399884,,,0.0,-0.00581638532144,0.0117945764928,-0.000767165361753,-0.00138026246896,-0.000691323912774,-0.00401070056341,0.0027137058716,0.0,-0.000646203576606,0.00396354066246,-0.00225309896291,0.0,0.00936628764222,-0.00559517748828,0.0068230541885,0.00123992576332,0.00974790511742,0.000853971016885,0.00045547712015,0.00275103337189,0.00229410515847,0.000894854645844,0.00089245878302,0.000853606539241,-0.0023713551544,-0.00358331583828,0.00196850457267,0.00054451403469,-0.00113830405006,-0.000561955620296,-0.00230149698828,0.00256739550525,-0.000700035030338,0.0,-0.00121951234626,0.00234604213175,-0.00146950797936,-0.000269505459117,0.00324851395583,0.00183558462448,-0.00251067166781,-0.000267201070394,-0.00315037216816,0.0,-0.00047812575618,0.00715140115763,0.000400721303699,0.00927363678533,-0.00264433825309,0.00123598497239,0.000505178086016,-0.00536643917431,-0.000333834087561,0.00191204647163
10:23:00,0.00355240160437,-0.00170068068202,0.0,0.0,-0.0011855365941,0.0,0.00972454989199,0.0,,,-0.0117352562184,0.00417886107497,0.000767165361753,0.00069036937502,0.00207253960197,-0.00739499168316,-0.000677736386498,0.00323729644979,-0.00129366124122,0.00315956029037,0.0,0.0,-0.000621697253472,0.00180831875678,0.00297050929229,0.000412967174979,-0.00253378513937,0.000426712189108,0.00181983671699,0.00228676065807,0.00274599714886,0.00134078232376,-0.00089245878302,0.000852878516517,0.0,-0.00875617234946,0.00196463717416,0.000544217700507,-0.00170988927383,0.00168492036492,-0.00115273787981,0.0,-0.00210305019678,0.0,0.0,0.000292868650504,0.0,0.00188501469577,-0.00108166587074,-0.000786266584865,0.000502638864566,0.00186890990188,-0.00462231695151,0.0,-0.00359324856613,0.00945633524204,-0.000400721303699,0.00575265248945,-0.00335956464867,0.00405037095076,-0.000842105312922,0.00386003668005,0.00016693097443,-0.000955566245668
10:24:00,0.0,0.0,0.0,-0.000937646575964,0.0011855365941,0.0,0.00214822853829,,,,0.0109015754698,-0.000834376352119,0.000766577270196,-0.00069036937502,0.00206825306406,0.0,-0.00339558900114,-0.00194111998835,0.0,0.0109805024834,-0.000752162502554,0.0,-0.00498754151104,0.000180652154769,-0.00127199508352,-0.000826104962306,0.00168990323275,-0.00256300866489,0.0,-0.00182898999317,0.0,-0.000893655108625,-0.00134018335896,0.0038289772371,0.000474721110268,-0.00466684798268,0.0,0.0,0.0,0.00168208618298,-0.00230946984866,-0.000641231185806,-0.00421941554271,,0.000609942074414,-0.000585823098183,,0.00214996051641,-0.0018957351649,0.000524246407812,-0.000251287851555,0.000266702228545,-0.00513385799385,-0.00102301799203,-0.000960384227478,0.00656662772389,0.000400721303699,0.0319876754934,-0.00996804266429,-0.00158297456325,-0.0010114633364,0.00150640249426,0.000500625792684,0.0
10:25:00,0.0007089684806,-0.000851426190218,0.0,0.0,0.00118413276122,0.0,0.0,,,,-0.0033416906619,-0.00418235657748,-0.00230149698828,-0.00138217022695,0.000688468185542,0.00404040953701,0.0,-0.00324359674584,-0.000647458747125,-0.00469117357588,0.0,0.0,0.00312012733624,0.00288600488913,-0.00425170708511,-0.000826787975994,0.00084388190662,-0.00342759547227,-0.00227531383714,-0.00137394113667,0.00228258487602,-0.00134198186098,-0.00044712721514,0.0012730746468,0.00142281266592,-0.00730311018498,0.000980873055592,-0.00600274653763,0.000570288010894,-0.0011210763506,-0.00231481584845,0.00192246134185,0.00421941554271,0.0,0.00304414238123,-0.00205308768407,0.0,-0.0026881736618,-0.0032582162954,0.0,-0.0010057833385,0.000533191161659,0.00927062018953,-0.00179280365602,0.0,0.0051294120393,0.0,-0.0111733005981,-0.00232828975959,-0.00052821552421,0.000168648284403,0.000167238063773,-0.000667556767114,0.000955566245668
10:26:00,-0.0007089684806,-0.00341297259624,0.0,0.000937646575964,-0.00118413276122,0.0,-0.00645858003941,,,,-0.00419287826004,-0.00588484254025,-0.00307692550448,-0.00277008487382,0.0109515126036,0.00469327043175,-0.00136147059832,-0.00260247381758,-0.00129617646145,0.00469117357588,-0.000752728676866,0.0,0.00311042241439,0.000720201687594,-0.000852514970644,-0.00455959339167,0.00210659441713,-0.00214822853829,-0.00273722798641,0.0,0.000911577091383,-0.000895656127944,0.0,-0.000424178161185,0.00236686501027,0.00522194398115,-0.00196270916785,-0.000547495223093,-0.00228310601457,-0.000561009832385,0.0,0.0,-0.0014044946129,,0.000607718037543,0.00205308768407,0.0,0.00134499011533,0.00135888049175,0.000785854657339,0.000251540688033,-0.000533191161659,0.005086604161,-0.000256377388919,0.00144023068582,0.00510323538518,0.0,-0.00751883241403,-0.0034126660871,-0.00017613386219,0.0,0.00300551236428,0.000667556767114,-0.00191204647163
10:27:00,-0.00141944665423,-0.00342466088136,0.0,0.0028076761542,-0.0011855365941,0.0,-0.00108049713375,,,,-0.0109844788453,0.00420698979763,-0.00540750641739,-0.000693721845372,0.00407609260004,0.0,0.0,-0.00326264563482,-0.000648718803159,0.0023373598487,-0.00755861497393,0.0,-0.001865092241,0.000179969405687,0.0,-0.00291242144703,0.00126182982042,0.000859845280835,0.000456725287683,-0.00183486290011,0.000910746875339,-0.000448129068669,0.00044712721514,-0.00382572198814,0.0028328630843,0.00363920339254,0.00147239290404,-0.00164428647625,-0.00400802139754,-0.00168492036492,0.00520082073759,-0.00771212048634,-0.00351989099778,0.0,0.00182094132258,0.0,0.0,-0.00269179166571,-0.00299197829619,-0.000261882939823,-0.00125833664521,-0.000533475606144,-0.00946723905633,-0.00231035913318,0.002635047638,0.0002313476008,0.0,-0.00662567497214,-0.00921832103997,0.0,-0.00422476336031,-0.000500291847339,0.0,0.00038270187991
10:28:00,0.00354484596654,-0.00257621439177,0.0,0.00466201310581,0.0,0.0,0.0,,,,0.00169779327709,0.00669458567221,-0.00232648418234,0.00138696277435,0.0,0.00133689859484,0.00136147059832,0.00326264563482,0.0,-0.00389864041566,-0.0114461379376,0.0,0.000622084001399,0.000359841673548,-0.00213447252863,-0.00333890126551,0.00126023961229,0.00557104504946,-0.000456725287683,-0.00137835997012,-0.00136643154943,0.00134378519661,-0.00044712721514,-0.00341297259624,0.000471364609246,-0.00363920339254,-0.000490556791785,-0.00109769495106,0.00114678911651,0.000561955620296,0.000576202839336,-0.00129115576362,0.0,0.0,0.0,-0.0014660609575,0.00146950797936,-0.00269905696917,0.00434901473731,-0.000261951540463,0.0,-0.00133493545388,0.00243605479788,0.0,-0.000239263070887,-0.00301170156984,-0.000200340579655,0.00284495213223,-0.00491490932042,-0.000704845844159,0.00287478003007,0.000333555706895,-0.000500625792684,0.0059132265769
10:29:00,-0.00283487078585,0.00257621439177,0.0,0.0,0.0,0.0,0.00323799527378,0.0,,0.0,0.0092866855682,0.00499169089724,0.00464756839655,-0.000693240928976,-0.00339558900114,-0.00468698548012,0.00203873668985,0.00260247381758,0.000648718803159,-0.0157483569681,-0.006931102064,0.0,-0.00498754151104,-0.00216099489823,0.0,0.00125339477449,-0.0029430334465,0.000854335805915,-0.000456933980991,0.0,-0.000911992767269,0.00134198186098,0.00044712721514,-0.004282661792,0.00141276218459,0.00104112450841,-0.000490797555864,-0.00164880499018,0.00286123228103,0.0,0.00517093941623,-0.000646203576606,-0.00211789701473,,0.0,0.000586682328356,-0.00146950797936,0.0,-0.00162866485512,0.000785648855391,0.00100679595718,-0.000534473556283,0.0,-0.00154321018281,-0.00287563102546,0.00278035396904,-0.000200380724045,0.00037871615677,-0.046311486805,0.000352485023036,-0.00372187876773,-0.000166763946022,0.0,0.00133041927825
10:30:00,-0.00213143952807,0.0,0.0,-0.00186219793106,0.0,0.0,0.0,,,0.0,-0.00843886864586,0.0057923207045,0.00539500345166,0.00207828270164,-0.00136147059832,-0.00134318354647,0.00135685231129,0.00324359674584,-0.0012978587156,-0.0119761910467,-0.00309597770513,0.0,-0.00125078190165,0.0014411820185,0.00213447252863,0.00416667269485,-0.00168563040334,0.0,-0.000914494805388,-0.00138026246896,0.0,0.000893655108625,0.0,0.00214362354325,-0.00188412679383,0.00311688564025,-0.0014738396183,-0.0033057881345,0.000571265368292,0.0,0.00114547549753,-0.000646621425699,-0.0092297424828,0.0,-0.000303260047813,0.0,0.0,-0.00270636159774,-0.000271702216045,-0.000261814375105,-0.00100679595718,-0.000267343939568,0.00727275932908,0.000514668050475,-0.000960384227478,0.00415609002762,-0.000200420884527,-0.00246422264779,0.0325308369363,0.000352360821123,-0.00356567149156,0.00216576511144,0.0,0.00624824526394
10:31:00,0.00496631031392,0.00342466088136,0.0,0.000931532438111,0.0011855365941,0.0,-0.00865806274311,,,0.0,0.0,0.00575896285201,-0.00153846184191,-0.00277200454701,-0.00204568772329,-0.00134499011533,-0.0020359694851,-0.000647878221561,0.000649139912441,-0.000803535599683,0.0138570346614,0.0,-0.00627748451914,0.0,0.00510422205575,0.00249169564131,0.0,0.000426894350133,0.0,0.000460299202603,-0.00319854053822,0.00133898703335,0.0,0.0034202684048,-0.0028328630843,0.00103680672844,-0.00344743015651,-0.000552028719511,0.00171184064628,0.0,-0.00171870566513,-0.00648931543975,-0.00285714480078,0.0,0.00060642815685,-0.000586682328356,0.0,-0.000271039437898,0.00190036707117,0.000261814375105,-0.00100781061692,-0.00267737777072,0.0,-0.000257300914838,-0.000720893939666,0.00230149698828,0.000601142188226,-0.00494673763675,0.00627076934965,0.00123228604626,0.000170082490417,0.000166403195325,0.000500625792684,0.00226244440397
10:32:00,0.00705221540532,-0.000855066319733,0.0,0.00371747640013,0.00118413276122,0.0,-0.00544960476756,0.0,,,0.0117945764928,0.00816998008476,-0.00308404253696,0.00207972345325,-0.00616229269454,0.00134499011533,-0.000679578687384,0.0,-0.000649139912441,-0.000804181788414,0.00761618304531,0.0,0.00439837341186,-0.000720331383569,0.00423370657785,0.0,0.0,-0.000426894350133,0.0,0.00321617552671,0.0,0.00133719654425,-0.00044712721514,-0.00299209455968,-0.000472925050195,0.0,-0.00246974687158,-0.000552333623542,0.00170891525497,0.00112296474462,0.00286287054968,-0.00260756340708,-0.00143163947144,0.0,-0.000303168109038,0.0,-0.000588408372376,0.00297740103564,0.00027118644234,-0.000523697314928,-0.000756525064451,-0.00187843876514,-0.000241575070627,-0.000257367135637,0.00168127816714,0.00573067470898,0.0,-0.000572355257445,0.0107891693022,0.0,0.00305654848255,0.000997838100423,0.0,0.00507186209796
10:33:00,0.00280701938698,-0.00772867737166,0.00392927813989,0.0,0.00118273224905,0.0,-0.00109349382137,,,,0.0,-0.00407664649376,0.00615860299121,0.000692281093761,0.00956945101615,0.00134318354647,-0.00136054442756,0.0,-0.000649561568796,0.000804181788414,-0.00608829886726,0.0,0.00312989300893,-0.000180163949682,-0.0093379286336,0.0,0.000421674052211,0.0,-0.000457561206793,0.000917010609881,0.00137205601218,0.000445335122034,0.00044712721514,-0.00128507192669,-0.00142011858186,0.00362038150806,-0.000989609185166,0.00275862243908,0.0,-0.000561324741093,-0.00114416488455,0.0,-0.00286944242795,0.0,0.0,-0.000880669365594,0.000294247464239,0.0,0.000542152358089,0.000523697314928,-0.00531176157225,-0.00322841281212,-0.00217680579365,0.000257367135637,-0.00168127816714,0.00228310601457,-0.000200340579655,0.00760459938522,0.000363702495371,0.000175916967645,0.00033904051859,0.0,0.0,-0.00356640453098
10:34:00,-0.00280701938698,0.000861697597481,-0.00196270916785,-0.000928074312554,0.00471698987814,0.0,-0.00219058137982,0.0,,0.0,-0.00335570784697,-0.00491401480243,0.00459418878505,-0.000692281093761,0.00135961951604,0.00268096675326,-0.000680966999416,-0.00454693865554,0.0,0.0119857607452,0.0,0.0,0.0,-0.00180342699915,-0.00427351077738,-0.00249169564131,-0.00168776411372,-0.0021372096188,-0.000915750979747,0.000916170471779,-0.00137205601218,0.0,0.000893655108625,-0.00429553925102,0.0,-0.00362038150806,0.00395257431582,0.00275103337189,-0.00113895228713,0.00168302985029,0.000572246081424,0.00325839323806,-0.00215749814002,0.0,0.000303168109038,-0.000293728890348,0.000294160908137,0.00108049713375,0.0,-0.000261814375105,-0.00381146440327,-0.00215808014698,-0.000726656202496,0.0,-0.00168410962456,0.00113960126293,0.000200340579655,0.0,0.0,-0.00070385362751,0.000338925609074,0.0,0.000500375291901,-0.0035791693102
10:35:00,-0.00211044749455,0.000860955713965,-0.00196656897204,-0.00558660670864,-0.00708385488841,0.0,0.00655740054616,,,,-0.00421053253634,-0.00658980967906,0.0,0.0,0.0020359694851,0.000669120132024,-0.00136332672786,-0.00260756340708,-0.00064998377329,0.000793965901176,-0.00766287274557,0.0,-0.0062696130136,0.00234382150028,0.0,-0.00416667269485,-0.00423191490658,-0.00128452169236,-0.000916590348315,-0.00183318108166,-0.000915750979747,0.000445136886941,0.0,-0.00129226811005,-0.000947867369546,-0.00259403517705,0.00344573316562,0.000549299656767,-0.00228180361411,0.0,-0.000572246081424,0.0,0.0,,0.000606060624611,0.0017610805843,0.00146950797936,0.00161855983541,0.00108342372461,0.0,-0.00203873668985,0.00188857468787,0.000726656202496,-0.000257367135637,-0.000240818785029,0.00454546237167,0.0,0.00132487953514,-0.00913248356327,0.00070385362751,-0.000338925609074,0.00199269411671,0.000500125041682,-0.00738709676101
10:36:00,0.00211044749455,0.000860215106808,0.0,-0.00467946572196,0.0,0.0,0.00867684402569,0.0,,,0.0,0.000826104962306,-0.00152905228568,-0.000692760678901,0.00270819393688,0.00200467825238,0.000681895696385,-0.00523561405394,-0.00130123635797,0.0,0.00383877630717,0.0,-0.00441223533327,0.000900009060842,0.00299337405467,-0.00125339477449,0.0012714559882,0.00171232918551,-0.0041350851478,-0.00367647472931,0.0,0.0,0.000446528250331,-0.00215749814002,0.000947867369546,-0.00260078170006,-0.00295275805088,0.00219418628898,,0.0,-0.00114547549753,-0.000650829830978,0.00860220358266,0.0,0.00272273651792,-0.000586682328356,0.0,-0.00540541856691,0.0,0.000261814375105,0.000510073971784,0.000269505459117,0.00217680579365,0.0,-0.000722804512856,0.00587838002937,0.0,0.000567268616895,0.0109490144897,-0.000879894469439,0.0,0.0016575505204,0.0,-0.00133168477779
10:37:00,0.0049071251641,0.00343347976789,0.00196656897204,0.000937646575964,-0.0011855365941,0.0,0.0,,,,-0.00168918959084,0.000825423076167,0.0,-0.00138696277435,-0.000676361202653,0.00133422301314,0.000681431031479,-0.00460375689806,0.00130123635797,-0.00158856268514,0.00687287928776,0.0,-0.00189693386,0.0,0.00934983436833,0.0,0.00338266707327,0.00213629647578,-0.00138217022695,0.00229938018072,0.0,-0.000445136886941,-0.000446528250331,-0.000864304288895,0.00425431981774,-0.00104220957844,-0.000986193373815,-0.00219418628898,0.00114155263538,0.0,0.00114547549753,0.0,0.00994326374033,0.0,0.00542333356999,0.000586682328356,-0.00117543357642,0.0,-0.00135446316251,0.0,0.000509813928962,0.00215343286447,0.0,0.000257367135637,-0.0031382041446,-0.0047452354322,0.0,0.0,0.00849377113296,0.000879894469439,0.0,-0.00298557196392,0.00166527931906,0.00417933739031
10:38:00,0.0,0.00256739550525,0.0,0.0,0.0011855365941,,-0.0021621630045,,,0.0,-0.00338696344102,0.00657897109804,-0.00153139386743,-0.00208405771853,-0.00271002875887,0.00133244523378,0.00136147059832,-0.00330142260905,-0.000650406526994,-0.0023875856945,0.0030395160179,0.0,0.00189693386,0.000359776942179,-0.00126984144048,-0.00209248873169,0.000422029970391,0.00298316863041,0.0,-0.00275989135626,-0.00137520076681,-0.000890868655801,0.0,0.000864304288895,0.00329644753418,-0.000521512397739,-0.00643407317349,-0.00274952056637,-0.00171281800367,-0.0011217051092,-0.00229226461404,0.00584227562423,-0.00283085822452,0.0,-0.00784317746103,-0.000586682328356,0.00264278527037,0.00540541856691,0.0,0.00130804466002,-0.00204081703485,0.00161203688859,0.000241575070627,0.00128584304717,0.0,0.00564654238821,0.0,-0.00189214815204,0.00770820344332,0.00263504763801,0.00321516479691,-0.000664672673191,0.0,0.00094741835604
10:39:00,0.0,0.00341297259624,0.0,-0.00187617315823,0.00118413276122,0.0,-0.00651468102119,,,,0.00338696344102,-0.00164068945746,-0.00846484469595,-0.00278551712143,0.0,0.000665557428895,0.00203873668985,0.0,-0.00456472915211,0.00793654959574,0.000758437654862,0.0,0.0037831066557,-0.000179872291159,0.0,-0.0037775490881,0.00379027617378,-0.000851426190218,0.000460935707631,-0.00230574231736,0.000458610418494,-0.00133779284166,0.00223065004383,0.00215749814002,0.0,-0.0010438414309,0.000496401102275,0.0,0.0,-0.000561324741093,0.0,0.0,0.00283085822452,0.0,0.0051351872399,-0.00117439825594,0.0017579846309,0.00778631937563,-0.00217096421765,0.00391389932114,-0.00383779414374,0.000805044991822,0.00193050253006,0.0,-0.00145173023319,0.00606266592585,0.0,-0.0017059998451,0.00694014708394,0.0,0.000168933187327,-0.00183013111559,-0.000332834085282,-0.00265503664405
10:40:00,-0.0105449131766,0.00424990014933,0.00196270916785,-0.00848661387732,0.00118273224905,0.0,-0.00108991836403,,,0.0,-0.00253914651868,0.00573067470899,0.00462606838878,-0.00419287826004,0.0,-0.00133155811951,0.000678656286651,0.00724879615568,0.0,0.0102242337759,-0.00684673652212,0.0,-0.00504732932724,-0.00017990465102,0.000423459671795,-0.00126236078199,0.00126023961229,-0.000425985096963,0.0,-0.00277392688273,0.00183234132806,-0.000446328951841,0.0,0.00258286841825,-0.00094073384172,0.00260756340708,0.000496154810476,-0.00165334840639,-0.00400802139754,0.000561324741093,-0.00172265331145,0.00193986481783,-0.00638073770673,0.0,0.00030125019056,0.0,0.00087783473084,0.00984705228828,-0.000815328214755,0.00234100770197,-0.00308087535091,0.000268204373339,0.00624851828773,0.00205391599804,0.00338409798424,0.00290600405691,0.0,-0.00361114143252,0.00371714739005,-0.00333890126551,0.0,-0.00735420329416,-0.00183257027546,-0.00228136981077
10:41:00,0.0105449131766,0.0,-0.000980873055592,-0.00094741835604,0.0,,0.00760459938522,0.0,,0.0,0.00507186209796,0.00163132173208,0.00307219903697,0.0,0.000678196024638,-0.00066644454316,-0.0027173929765,0.00654452597665,-0.00261780254208,-0.00156617103274,0.00760459938522,0.0,0.00818902214069,0.000719424491461,0.000846381768681,-0.000421141299129,-0.000839983249725,-0.00213265169336,-0.000460935707631,-0.00231749814036,0.00137205601218,0.0,-0.000445732122379,0.00171821348114,-0.00282752309022,0.000520697746729,0.0,0.00220385764132,-0.0074863580282,0.0011217051092,0.00114876520387,-0.000646203576606,-0.000711490602764,,0.0,0.0017610805843,0.00029244041735,-0.00424629088145,-0.000271923862995,-0.00208062493784,0.000257102456744,-0.000268204373339,0.0180441742813,-0.000256508915091,0.000482509056406,0.00844637161892,0.0,-0.0034331523326,-0.00478173230251,0.000176009857006,0.00151911582932,-0.000167771160531,-0.00100100108459,0.00114133548627
10:42:00,-0.000699545324085,0.0067624940723,0.0,0.0,-0.00118273224905,0.0,0.0021621630045,,,,0.0033670065479,0.0,0.000766577270196,0.00139958035442,-0.000678196024638,-0.000666888987704,0.00135961951604,0.00130378114948,-0.00328191958511,0.00702853342458,0.00754720563538,0.0,0.00250626697606,0.00197575277563,0.00169061747791,0.000421141299129,-0.00126129930533,-0.00128177757348,-0.00184587039028,-0.00325354690909,0.0031941619674,0.00133838967112,-0.000892060719281,0.0,0.000943396296384,0.000520426761681,-0.000992555912751,0.00329670628249,-0.00289435802636,-0.000560695276814,0.00286615272161,0.0012919898438,-0.00142450166539,,-0.000602591160145,0.00117233307682,0.00146092063967,-0.0120402792321,0.000543773803503,-0.00548232674528,0.00640617181241,-0.00134210193277,-0.000706131605191,-0.00179740708295,0.000723327337143,0.00441696831184,0.0,0.00171804948244,-0.013943736821,-0.000176009857006,0.00252674269023,0.00518786202453,-0.00100200409185,-0.00840020212527
10:43:00,0.0,0.0150504513151,-0.00196463717416,0.0,-0.00236966935532,0.0,0.00323450416766,0.0,,,0.0,-0.00326530902374,0.0,0.00349040493977,-0.00203735214784,-0.00267201227781,-0.000679578687384,-0.00326264563482,-0.00263331291076,0.00310800560987,0.00225309896291,0.0,0.000625586507734,0.00286687170016,0.00421408124683,0.00210305019678,0.00168137912667,-0.000427624552165,0.0,0.00325354690909,-0.000455684674096,-0.00178491792145,-0.00133958492906,-0.00128838325745,-0.000471586898624,-0.00208333408685,0.00297471711674,0.00109649133793,0.00115874868122,0.000560695276814,-0.00229226461404,-0.000645786267196,-0.0042857208455,0.0,0.000301340969584,0.0,-0.00146092063967,0.00804293879946,0.00217214312937,0.000261745846279,0.0012763243596,-0.000806126605524,-0.0137508093662,0.0,0.0,0.00921261176844,,-0.00171804948244,-0.00414900928908,0.00316344727787,0.00100891214208,-0.000333889819462,-0.00016709833776,-0.00576813750788
10:44:00,-0.00140056045303,0.0140092938068,-0.000983767910133,0.00094741835604,0.0,0.0,0.00429646203351,,,0.0,-0.00168208618298,-0.00245599795987,0.00306044615311,0.000696621414448,-0.00272294245846,0.00133689859484,0.000679578687384,-0.00589972212719,0.00197563449179,0.00618718137726,-0.00225309896291,0.0,-0.00564441761968,0.00107296147633,0.00293932607171,0.00251783599234,-0.000420079821342,0.0,-0.00231213975838,-0.000928505173485,-0.000455892417287,0.0,-0.0013413818242,0.000859106582049,0.0,-0.00104329691258,0.0,0.00437398182311,0.000578871217323,-0.000560695276814,0.0,0.0,0.0,0.0,-0.00271534334887,0.000292868650504,-0.00263504763801,-0.00723572766993,0.000813338800429,-0.000261745846279,-0.0012763243596,-0.000537778985803,-0.00382684035548,-0.000257036372062,-0.00024105098345,0.00435730536896,0.0,0.00305227249558,0.00126456524846,0.00629702972847,0.00419287826004,-0.000166986724944,-0.00217482310732,0.00653471477807
10:45:00,-0.00491746688153,0.0,0.0029484050843,-0.00284495213223,0.0,0.0,0.0,,,0.0,0.00168208618298,-0.00328407520119,-0.00229445607352,-0.00628713213133,-0.00752654938635,-0.00334560365592,-0.000679578687384,-0.000657678418971,0.0,-0.00541168696073,-0.0105821093305,0.0,0.00313972000467,-0.00053633683238,0.00543593226502,0.0016750422677,-0.0033670065479,0.000855066319733,-0.00138985428905,0.00740401346251,-0.000456100349982,0.000892857202172,0.0,-0.000859106582049,0.00329644753418,-0.00418410652257,-0.00148625244104,0.00652530863492,0.00404274301696,-0.00112233457348,-0.000573888107573,0.000645786267196,-0.00502333313222,,0.0,0.00029278290357,0.00175746969665,-0.000807211129529,0.0,0.000261745846279,0.000255395225498,-0.00188450722079,0.0171066181539,0.000257036372062,0.000482043875326,0.00347222571075,0.0,-0.00076219515885,0.000541467389819,0.00452332016891,0.00250731430978,-0.00468698548012,-0.0040275268404,-0.00191754612927
10:46:00,-0.00140944350323,-0.00410004674401,0.000980873055592,0.0,0.0,0.0,0.00321027563025,,,0.0,0.00167926151972,-0.00164609090667,0.00305810635882,-0.0134040807588,-0.000687049151038,-0.0013413818242,-0.000680040828656,0.0,0.00262812240627,-0.0116960397632,0.0,0.0,0.00312989300893,0.00053633683238,0.0095456213506,0.00417537141048,0.000842815051997,0.0,-0.00325052526745,-0.00415801014866,0.000456100349982,0.0,-0.00134318354647,-0.00344382604676,-0.000470256298344,-0.0031496089029,-0.0014884646757,-0.00707101124055,0.00115207386015,0.0,0.00172067722408,-0.000645786267196,-0.00504869445998,,-0.000302160449496,0.000585308767076,-0.000585480110402,0.000269142781869,0.00081267781799,0.0,-0.000255395225498,0.00188450722079,-0.0128024508204,0.00128419177787,0.000240934828295,-0.00564850513334,0.0,0.00076219515885,0.0121952730938,0.00605695370819,-0.000500960184143,0.0,0.000840406806335,0.0
10:47:00,0.00281690327111,-0.0090797157004,-0.000980873055592,-0.00190114125702,0.0,,-0.00643089033029,,,,0.00167644632725,0.00246812136808,0.0,-0.00498399038098,-0.00344234419097,-0.000671366255496,-0.000680503598905,0.00655740054616,-0.0019704439873,-0.00392927813989,0.00907721815112,0.0,0.00436545750964,-0.000894054596881,0.00781736134919,-0.00501254182354,-0.00126448910421,-0.000855066319733,0.0041773093931,-0.000463070163403,0.00136705421153,0.00133779284166,-0.000448129068669,-0.00129449856265,0.0,-0.0010520779508,0.000496401102275,0.0,0.000575539584232,-0.00224845513501,-0.000573230167602,0.0,0.0,,-0.00120955563583,0.000877321302069,0.00029278290357,-0.000807645756649,0.00108254408407,-0.00104739470167,-0.00358239891825,0.00241773119787,0.00190703275912,0.0,-0.000722978703621,-0.00875279110959,0.0,-0.000952834755272,0.00355872261699,-0.00623054975064,-0.00502345329666,0.00167644632725,-0.00860546945576,0.00898066607204
10:48:00,0.000702987726666,-0.000829531362375,0.0,-0.000951927725382,0.0,0.0,0.00749869609112,,,,0.00501254182354,0.0065520299913,0.00152555330884,0.00923630011951,-0.00138026246896,-0.00134408622385,-0.000680966999416,-0.00261780254208,-0.000657678418971,0.0,-0.00377216592142,0.0,-0.00436545750964,0.000715307612761,-0.00493016610786,0.000837170413064,0.0,0.0,0.00185099543825,0.000463070163403,0.000455269755189,-0.000445732122379,0.0,0.000863185206811,0.0,-0.00421941554271,0.000992063573429,-0.00218579321998,-0.00577035646134,-0.000562904602536,0.000573230167602,-0.00193986481783,0.0,,0.00120955563583,0.00146049390646,0.000585308767076,-0.00350735554476,0.0,-0.00157315187137,0.000256311676401,0.00214419808766,-0.00214566776801,0.00102616735531,0.0,-0.00418456727786,0.0,0.000571809793527,-0.001777778246,-0.00173761989854,0.00284972114737,0.0,0.00793320052288,-0.000190240655002
10:49:00,-0.00211044749455,0.0,-0.000981836112257,-0.000952834755272,0.0,0.0,-0.00535046755283,0.0,,,0.00415801014866,-0.00327064886812,-0.00152555330884,0.0070472455154,-0.00138217022695,-0.00201952273283,0.0,0.00457666702741,-0.00131665588475,0.0156253179031,-0.00454546237167,0.0,-0.000625195393918,0.000714796313494,0.00246812136808,0.0,0.00126448910421,0.0,-0.000925069446173,0.00600047957822,0.0,-0.000892060719281,0.000448129068669,-0.000431499467321,0.00375587295981,0.00211193320314,0.00346449245314,0.00109349382137,-0.00115807772063,-0.000563221642599,0.00057290176302,-0.00324149392417,-0.00144717825547,0.0,-0.000907029540643,-0.00175284882741,-0.000878091670646,-0.00542006746934,-0.000270526175057,-0.000262432753114,-0.000512689065319,0.00187240926712,-0.00238948739738,0.00434950154809,0.000482043875326,-0.00686526890873,0.0,0.000190530628375,0.00035580857874,-0.00174064447778,-0.00402550023638,-0.000335064503051,-0.00134589522335,-0.00879042541703
10:50:00,0.00631802733456,-0.0024927308296,-0.000982801061908,0.00285578490136,0.0,0.0,0.00214362354325,,,,-0.00166112995008,-0.000819336383402,-0.0038240964384,0.00350508595795,0.000691323912774,0.0,0.000680966999416,0.00390625496707,-0.00462199568284,0.00772204609391,0.00227531383714,0.0,-0.00250469761501,0.0,-0.00246812136808,-0.00419287826004,-0.00042131873385,-0.00171232918551,0.000462641692268,0.0,-0.000910746875339,0.0,0.000895656127944,-0.00129561667875,0.00187265972329,0.00158102799732,0.0,0.00436205708017,-0.0052280107459,0.0,-0.00057290176302,-0.00260078170006,0.00289226521215,0.0,-0.000302526095183,-0.000584966381115,-0.000292868650504,0.00487938078409,-0.001624695727,-0.00262812240627,-0.00025644313514,0.0,-0.00119688823385,0.00712289961414,0.000481811620981,0.00377065989619,,0.00019049433337,-0.00035580857874,-0.00559051071689,-0.00168208618298,0.00200870506108,0.00050492300997,0.00095923268746
10:51:00,-0.00210157695563,0.0,0.0,0.00379507096855,0.00236966935532,,0.00213903824875,,,,-0.0016638938947,0.0,0.00229621226035,-0.00420757984002,0.00207110878314,-0.00134861787129,0.000680503598905,0.0019474202844,-0.000662032463769,0.0,0.0,0.0,-0.00376884868223,-0.000357334290027,-0.00536858609272,0.00251783599234,0.0,0.0042753378504,-0.000925497520943,-0.00138153372192,-0.00136767744137,0.0,-0.00268937858197,-0.00129729747924,0.00233590388859,0.00105263167614,-0.00148331300373,-0.0010887317352,-0.00233236257336,-0.00169157074449,-0.00114678911651,-0.00065125368632,0.00216372244531,0.0,0.0,-0.000878091670646,-0.00117233307682,-0.00270782727059,0.00081267781799,-0.00158019521952,-0.00308245813037,0.0,-0.00359928402965,0.000760167273397,-0.00168735727633,-0.000442869803518,,0.0,-0.0035650661645,0.00210010577712,-0.00134770909887,-0.00200870506108,-0.00726170547285,0.0
10:52:00,-0.0077437908969,-0.00166527931906,0.0,-0.00379507096855,0.0,0.0,0.00106780576083,0.0,,,-0.000832986303892,0.00163800200424,-0.000764818392922,-0.00705221540532,0.00206682815566,0.00134861787129,-0.000680503598905,0.000648298239886,0.00132362693051,0.0,0.00227014853454,0.0,-0.00252048022534,-0.00143061540852,0.0,0.000837871854631,-0.000421496318147,-0.000426712189108,0.0,-0.000922083974968,-0.00274097933142,-0.000892857202172,0.0,-0.00259965484363,-0.00186828639117,0.00157687286288,0.0,-0.00272702650593,0.00174978172379,-0.000564493382192,-0.00114810575183,0.0,0.0,,0.00151171608532,-0.000585823098183,0.00146520172733,-0.00135666823142,-0.00027081922982,0.00105374087727,-0.0018024982349,0.000801389117285,-0.000480884837351,-0.00558802571697,-0.000241283630076,0.00441989669815,0.0,0.0,0.0,0.00349040493977,-0.00185607072605,-0.00050280735158,0.0,-0.00288046286535
10:53:00,0.000706464176327,0.00415801014866,0.000982801061908,-0.00380952841667,-0.00118413276122,0.0,0.00213219696984,,,,-0.0016680571007,0.00245198324729,-0.00153139386743,-0.00212539931231,0.00137551603531,0.00201952273283,0.0,-0.00129701704304,0.00330142260905,0.00613498856752,0.00151057430537,0.0,-0.00252684910191,-0.00376513219334,-0.000414164429196,0.0,-0.000421674052211,-0.000426894350133,-0.000463070163403,-0.00138472212295,-0.000457561206793,0.0,0.00089726340699,-0.00347675274165,-0.000935453763258,0.00104986886284,-0.000494927008371,0.0,0.0,0.00169252508669,0.0,0.00065125368632,-0.000720720751918,0.0,0.0,0.0,0.0,0.00135666823142,-0.00054185858817,0.000526454342246,-0.00077349494639,0.0,0.00790517950711,0.00432075904122,-0.00338409798424,-0.00331308972296,,0.0,-0.00339862593481,0.0134973497415,-0.00185952213163,0.0,-0.00084781692234,-0.000577089561077
10:54:00,-0.00566573753568,-0.00415801014866,-0.000982801061908,0.00285850599596,-0.0011855365941,0.0,0.0,,0.0,0.0,0.000834376352119,-0.00163398729166,0.00153139386743,0.0,-0.00206398422085,0.00201545247935,-0.000680966999416,-0.0032499216125,-0.00131926140506,0.00913248356327,0.000754432325485,0.0,0.00441780459761,-0.000179646097672,-0.00207339904261,0.0,-0.00168847655142,-0.000427076666752,-0.00139049848592,0.0,0.000914913147077,0.0,-0.00089726340699,0.00130519922814,0.0,0.0,-0.00198216120399,0.00272702650593,0.0,0.000563539039991,0.000574217644259,0.0,-0.00361141598722,0.0,0.0,-0.0014660609575,0.00146305805176,0.000813118353514,0.0,0.0,-0.00387647468247,-0.00106866160317,0.00214515634639,0.000253581844899,0.00241838086428,-0.00443459706787,0.0,-0.000952834755272,0.000716460714868,0.0,-0.00152400334298,0.00150766424404,-0.00612559342668,0.000192400192994
10:55:00,0.000709975180693,0.0082988028147,0.000982801061908,0.0,0.0,0.0,0.00106439605579,,,,0.000833680748578,0.0,0.000764818392922,0.00141743468097,-0.00137835997012,0.000670915825234,0.0,0.00130123635797,-0.00264375567073,0.0120483385162,0.0,0.0,0.0,0.0021536261016,0.00290155643983,-0.00125707119005,-0.000845308587951,-0.00256629738791,-0.000463929491039,-0.000924214483531,0.00137080213378,-0.000893655108625,0.0,0.000869187364587,-0.00140482345745,0.0,0.0,0.0021762794226,0.00523104941755,0.0,0.0,-0.00130293178042,-0.00507799422694,,0.0,-0.000880669365594,-0.00146305805176,-0.000813118353514,0.00081267781799,-0.000263192526851,-0.0114584587028,0.00160256444554,0.0,-0.000507228009861,0.00217155351351,0.0,,0.000190639596422,0.0,-0.00327107117871,-0.00186583041154,-0.00100485689246,0.00017066302627,0.000384689368083
10:56:00,0.0119930890756,0.00658980967906,-0.000982801061908,0.00379867503322,0.0,0.0,0.00106326432133,0.0,0.0,0.0,-0.00250313021812,-0.000817995955632,0.00152788417805,0.00353482163749,-0.00692044284457,-0.000670915825234,0.0,-0.00390879976505,-0.000662032463769,0.00894193737566,-0.00226500663085,0.0,0.0012586534072,0.00161218127171,0.0,-0.00167855683558,-0.000422922400044,-0.00128562263261,-0.00139308125617,-0.00231428013498,0.00136892560734,0.0,0.00268937858197,0.00563137723851,-0.00375587295981,0.00209643682653,-0.000992555912751,0.00487938078409,0.0057803629155,-0.00112739583531,0.000573888107573,0.0,-0.00510391191818,0.0,0.00150943424885,-0.000881445627805,0.0,-0.00108518730129,-0.00027081922982,0.0,0.00574564129608,0.000266844564626,0.0,-0.00406711287626,0.000240992891876,0.00221975673831,0.0,0.000381170197106,-0.000358166192941,0.00155078862819,0.000169764876055,0.0,0.000511814393157,0.00153727931889
10:57:00,0.0,-0.00164338574373,-0.000983767910133,0.0,0.0,0.0,-0.00212766037712,,,,-0.0058651194524,-0.000818665620836,-0.00152788417805,-0.00637170297269,-0.00138985428905,-0.00134318354647,0.0,-0.00130633591406,0.000662032463769,0.0198317186284,-0.00151285959263,0.0,0.00376648279548,0.00107334536244,-0.000413992968032,-0.00126076923614,-0.00126984144048,0.000428724551047,0.000928936434659,-0.00324901655035,-0.000456100349982,0.0,-0.00179211517498,-0.000432058766713,0.0,0.00522194398115,-0.00198807222539,0.0,-0.00115340266535,-0.00112866829137,0.0,0.00260416813839,-0.00219539056344,0.0,0.000301613635223,-0.000588062351554,0.0,-0.00190191607393,0.00216450300957,-0.000526592955823,-0.00574564129608,0.000533475606144,0.0,-0.0015294420519,0.000963391211314,0.00398318738629,,0.000190530628375,0.000358166192941,-0.00137835997012,0.0040657348908,0.00133958492906,-0.000511814393157,-0.00115273787981
10:58:00,-0.00210600288439,0.0,0.0,0.00472814119595,0.0,0.0,0.00106439605579,,,,-0.00843886864586,0.00327064886812,0.00152788417805,-0.00569802111464,-0.000695652201967,-0.00404040953701,0.0,0.0,0.0,0.0165889126931,-0.00455235991046,0.0,-0.00313774967197,0.000357525924438,0.0,0.0,-0.000423639065857,0.000856898081568,0.000464144821514,0.000929368096633,-0.00274097933142,-0.00134198186098,0.000448329978368,0.000432058766713,0.0,0.00104112450841,-0.00398804117796,0.001621183819,-0.00404741807223,-0.00169539458525,-0.000573888107573,0.00454103926626,0.0,0.0,0.0,0.0,-0.000292868650504,0.0,0.00189010451842,-0.000790409736843,-0.00262260837444,0.00133244523378,-0.00716848947861,,-0.00216893686666,0.000441598594061,0.0,0.00019049433337,-0.00179211517498,0.0,-0.00101488506681,0.00133779284166,0.0,0.00115273787981
10:59:00,-0.00846864623704,-0.0124122404461,0.0,0.00094295150787,0.0,0.0,0.0,,0.0,,-0.00424629088145,0.000815993517329,0.0,-0.00716848947861,0.0,-0.00135043909787,0.0,-0.00130804466002,-0.000662032463769,0.0106724598908,-0.00228397510783,0.0,-0.00504096845677,-0.000894054596881,0.0,-0.000841396768192,-0.00127199508352,0.00213903824875,0.00185442797696,0.00139243466452,-0.00137331218654,-0.000895656127944,0.000448129068669,-0.00129673672807,0.0,0.0,-0.00200000066667,-0.00108049713375,-0.00464576909917,-0.00453515516539,-0.00114876520387,-0.00324149392417,0.000732332511675,,-0.000301613635223,0.0,-0.00117233307682,0.000815549861705,0.00618530948713,-0.00158269618899,-0.00078812561547,0.000798615775176,-0.00264137504994,0.001274697432,-0.00120700075004,-0.000441598594061,0.0,-0.00076219515885,0.00107565446011,0.00498754151104,0.000845809066748,-0.0031801851223,-0.00170794234516,0.000191993856787
11:00:00,0.000708466200373,0.0,0.0,-0.00567109270382,0.0,0.0,0.0,,,0.0,0.0,0.0113545421029,-0.00152788417805,-0.00649587271545,0.00208550649102,-0.00270636159774,0.0,0.00130804466002,0.0,-0.00141643083171,0.000761904798762,,0.00126262643037,0.000536528672443,0.00082781461681,-0.00168492036492,0.00127199508352,-0.000855066319733,0.0,-0.000463929491039,0.00137331218654,0.0,0.000895656127944,-0.00433464051044,-0.000470477543376,-0.00104112450841,-0.00150262988454,0.0,-0.00233100338648,-0.00569802111464,-0.000574877854291,-0.00129954534209,0.0,0.0,0.000301613635223,0.000588062351554,0.00292825977909,0.0,0.00187491684762,-0.00158520508757,0.00183799447831,0.00159532073186,-0.00457887292355,0.00279862795564,0.000241516726207,0.00308710278249,0.0,0.00095265321104,0.00143240848127,-0.00206079413479,0.0,0.0031801851223,-0.00600087527314,-0.00172927317567
11:01:00,0.00776018003666,0.0,0.0,-0.00379867503322,0.0,0.0,0.0,,0.0,,-0.0025564564413,0.000806126605525,-0.00153022218077,-0.00435414330862,0.00623054975064,0.000677277370962,0.00136147059832,0.00456472915211,-0.000662471041121,-0.0035498794822,0.00380084075966,0.0,0.00126103421503,-0.000178810907942,0.00659796208004,-0.00380148293071,0.00169348050633,0.000427624552165,0.0,-0.000928505173485,0.00137142878638,0.0,-0.000447727788988,-0.0043535114472,0.00188058353496,-0.00104220957844,0.0,-0.00216450300957,0.0,0.00285306898241,-0.000575208528946,0.0,0.0,0.0,0.0,0.0,,0.00298467186702,-0.00241125368,0.000264375414626,-0.00236375684583,0.00106213499098,0.0,0.000508001026927,-0.000966417084156,0.0,0.0,-0.00019045805219,0.00730906186404,-0.00292674737625,-0.0037269228299,-0.00267737777072,-0.0112409311614,0.00766287274557
11:02:00,-0.00846864623704,0.00994208686407,0.0,0.0,0.0,0.0,0.00106326432133,,,,0.00340715832161,-0.000806126605525,-0.00229973271153,-0.00729930248161,0.000689893093938,0.00202908422678,0.0027173929765,0.00130039030028,0.0,-0.0339996582195,0.000758437654862,0.0,0.00125944601031,-0.000357717764501,0.00123228604626,-0.00169419777923,0.0,-0.00171159648118,0.0,0.00139243466452,0.0,0.000447928338956,0.000447727788988,-0.00437254741261,0.000938967205138,-0.00261028600313,0.00400200634185,-0.00054185858817,-0.00526470944011,0.00624824526394,-0.00115141060504,-0.00130123635797,0.00292397869144,0.0,0.0,0.000293901545099,0.00116890720498,0.00243539560232,-0.00537924911974,0.00052854123852,-0.00184234819844,-0.00185947722592,0.0120049460968,0.0,-0.00169348050633,0.00132013220492,0.0,0.0,0.00336909619153,0.000861697597482,0.000848248417983,0.000335064503051,-0.0106653690407,-0.000381752247431
11:03:00,-0.0007089684806,-0.0091097938489,0.0,0.0,0.0,0.0,-0.00106326432133,,,0.0,0.00593473551981,-0.00404040953701,-0.00230503367522,-0.00883007944827,-0.00207110878314,0.00135043909787,-0.00135777346046,0.000649561568796,-0.000662910199948,0.00367242425226,0.00151515180501,0.0,0.00376884868223,-0.000357845772292,0.0,-0.00979773545956,0.000422922400044,-0.000856898081568,-0.000463284696727,0.0,-0.000914076846095,0.0,0.000447527418523,-0.00219346435828,0.00187529356411,0.00156698909055,0.00746086524774,-0.00217037524155,-0.00293685967331,-0.000566411796508,-0.00172960550469,-0.00065125368632,-0.000730193533722,,-0.000301613635223,0.0,0.000583941622432,0.0,-0.00243013485329,-0.000792916653146,-0.00158186165335,0.0,-0.00574439109527,0.000507743092908,0.000484144284451,0.019380029521,,0.0,0.00635258885937,-0.000689298665928,0.0,-0.000335064503051,-0.00493393071399,0.0
11:04:00,0.00847462699097,0.0107572406795,0.0,-0.000951927725382,0.0,0.0,0.0,,,,0.00253271557928,0.0,0.0,0.0124863906514,0.00207110878314,0.00202224538077,0.000679117173809,-0.000649561568796,0.000662910199948,0.00292825977909,-0.000757288941909,0.0,0.00125313299607,0.000178938892846,-0.000410593313097,-0.00472002592666,0.00295545919158,-0.000857632985673,0.000926354860131,0.0,-0.000457351940284,0.0026833647586,-0.000447527418523,-0.00307895558829,0.00140416592227,-0.00052205691606,0.00395648389507,0.0,-0.0268272422331,-0.00226886087119,0.0,-0.00195630972076,-0.00219378515771,,0.0,0.000587544082707,0.000583600833605,0.00135043909787,-0.00189419620971,-0.00052896060477,0.00131839175326,-0.0015965942721,0.00574439109527,0.000761131585648,0.0,0.00709146627148,0.0,0.0,-0.000879894469439,-0.00155266140051,0.000169563374717,0.0,0.00686561978598,-0.00728112049814
11:05:00,0.000702987726666,0.00574478395689,0.0,-0.00190657827058,0.0,0.0,0.00106326432133,,,,0.00168492036492,0.0,0.00383877630717,0.0144930073026,0.00206682815566,-0.00202224538077,0.00135685231129,0.0,0.00660504382792,-0.0117648415796,0.00227014853454,0.0,-0.00125313299607,-0.000536912764576,-0.00535311140365,-0.00129115576362,-0.000843525988439,-0.000429092476011,0.000925497520943,-0.00185701074721,-0.000457561206793,0.000446528250331,0.000447527418523,0.00044043163011,0.000467617497415,-0.00104493217449,-0.00643725916884,0.0,0.00241400237928,-0.00113636375865,0.0,-0.000652954642853,-0.00146520172733,0.0,-0.000603500320067,0.00322533632485,-0.000875529021345,-0.00135043909787,0.00108283713883,0.00052896060477,0.000790201542501,-0.00133244523378,0.0,0.0,0.000483910002184,0.00746670135654,0.0,0.00550860923795,0.0029884877652,-0.000518089986548,-0.000848104537308,0.000335064503051,0.00873367996875,0.000192289203554
11:06:00,-0.00705221540532,0.00489796897555,0.0,0.0,0.0,0.0,0.0,0.0,,,-0.00252844635336,-0.00162074589773,0.00153139386743,0.0192382135659,0.00206256518635,-0.0060913893934,0.00135501375746,0.000649561568796,0.00197303582586,0.00663474604856,0.00677968698538,0.0,0.00125313299607,-0.00125391865959,-0.00372285848801,-0.00258732356495,-0.00211193320314,-0.000858737708417,0.00323251262772,-0.00186046565292,0.0,0.00222965532727,0.000447327227321,0.00351648714013,-0.00187178341968,0.000522602572647,0.000496647638716,0.0,0.0125787822069,-0.00227660883759,0.00172960550469,0.0,0.0,,-0.000905933928787,0.0,-0.00146092063967,-0.000540686685246,-0.000270599379272,0.00158520508757,0.00341700950163,0.000266631117431,-0.00454491871924,0.000507099402347,-0.000968054286635,-0.00170176599248,,0.0114889671306,-0.000878040270653,-0.00155588241258,0.0,0.00250941160543,0.00520382787503,0.000192252235524
11:07:00,0.00494176791078,-0.00653597097979,0.0,0.00285850599596,0.0,0.0,0.0,,,,0.0,0.0040469500802,0.000764818392922,-0.005661727792,0.000686577438573,-0.00271924028875,0.0,0.0,-0.00131492458131,0.00513009553103,0.00374672600161,0.0,-0.00125313299607,-0.000717231517209,0.000828500461641,0.00172562596747,-0.00126930416873,-0.00344234419097,0.00459982411775,-0.000931532438111,-0.000457770664895,-0.00491182054721,0.0017873105741,0.00743172819377,0.000468274417361,-0.000522602572647,0.0,0.000543035582175,-0.0101705932044,0.00170794234516,0.0,-0.00327118381328,0.0,0.0,-0.00120918999014,0.0,-0.000584966381115,-0.000540979185495,0.0,-0.000264026404174,0.00575616450669,0.0,-0.000239779404098,0.00101342800667,0.0,0.00127659591805,,-0.00469264117819,-0.00211044749455,-0.000346080640242,0.0,0.000668114272389,0.00345423486809,-0.000384541439078
11:08:00,-0.00706716722309,0.0,0.0,0.00474609338926,0.0,0.0,-0.00106326432133,,,0.0,-0.00338123737187,0.000807428384601,-0.00459770924863,-0.00640799629533,0.000686106373399,-0.00614546147149,0.00135318017942,-0.000649561568796,-0.00131665588475,0.0216928246113,-0.000748223005352,0.0,-0.00313972000467,-0.000358808758783,0.0,0.00430108189939,-0.00169491565999,-0.00172562596747,-0.00275735468819,0.000931532438111,0.000457770664895,-0.00179211517498,0.000446328951841,-0.000435634944812,0.000935891504905,0.00469362008999,0.00297471711674,0.00325203538638,0.00120192322162,0.00113700978708,0.00172661913399,-0.00065552280289,0.0,0.0,0.0,-0.00440076990127,0.0,-0.000270599379272,0.000270599379272,0.000264026404174,-0.00339736377993,-0.000266631117431,-0.00384431035679,0.000506329124741,0.00555355767568,-0.00897058557231,,-0.000941176540064,-0.00317404604335,0.000519076056295,-0.000169707255393,0.00133489090405,-0.00172562596747,0.000576756720785
11:09:00,0.00706716722309,-0.00328407520119,0.0,-0.00569802111464,0.0,0.0,0.00106326432133,,,,0.0,0.0,0.00459770924863,-0.00357782134788,0.00137080213378,-0.00274348594575,-0.00203045755038,-0.00130039030028,-0.0039604012161,-0.0129591446425,-0.00149812762102,0.0,-0.0031496089029,0.000358808758783,0.00124146508806,0.00470992093116,0.000423998310359,-0.00172860890062,0.00642204042034,0.00186046565292,-0.000915750979747,0.0,0.00133779284166,-0.00218102594636,-0.000467836265843,0.00674101593364,-0.00297471711674,0.00108166587074,-0.00240529280125,-0.00398520311096,0.0,0.00327332534497,0.0,0.0,0.000604777762613,-0.000882482775318,0.0,-0.00352447158928,-0.00054127200239,0.000527843770503,0.00261438057407,0.0,0.00408408976089,0.000506072885295,0.0012032247872,-0.00970148818481,,0.00338409798424,-0.0102965582149,-0.00103842169248,-0.000679117173808,0.00316324246117,-0.0034602110649,0.0
11:10:00,-0.00494176791078,0.0,0.0,0.000951927725382,0.0,0.0,-0.00106326432133,,,,0.0,-0.000807428384601,0.0,0.00357782134788,0.00205268631774,0.00820798041783,0.0,-0.000650829830978,0.000661157048877,-0.0109290705322,-0.00300300525977,0.0,0.0031496089029,-0.00161565424248,0.0,0.003411517168,0.00380791659622,-0.00346620797649,-0.00137268381197,0.00185701074721,-0.00137520076681,0.000896459047037,0.000890868655801,-0.0048150673026,-0.00140482345745,0.00309597770513,-0.000496647638716,-0.00108166587074,-0.000602228262706,-0.00171281800367,-0.000575208528946,-0.00130804466002,0.0,0.0,-0.00120992150271,0.000882482775318,-0.000878091670646,0.0,-0.000270745906622,0.0,-0.00261438057407,-0.000533475606144,0.00645240618363,0.000505816905069,-0.00192585519321,0.00302833889234,,0.00131295151563,0.000356824267835,0.000865426276428,-0.00135961951604,0.00398142529918,-0.00678204495041,0.00134447345711
11:11:00,-0.00212539931231,-0.000822706751463,0.0,-0.00285850599596,0.0,0.0,0.0,0.0,,,-0.00339270893709,-0.00242620418246,-0.00459770924863,0.0035650661645,-0.00273785249734,0.00136147059832,0.000677277370962,0.00195122013126,-0.00132275151562,-0.00366972888896,0.0,0.0,0.0,-0.00125842713237,0.00247831601447,-0.00426621807473,-0.00253699924659,-0.0021724970526,-0.00412939334201,0.0041657084077,-0.00229621226035,-0.000896459047037,-0.000445335122034,-0.000877963181945,-0.00234576696822,0.00411311633855,0.0,-0.00216684808509,-0.00483092726967,-0.00286123228103,-0.00230414848485,0.000654236202597,0.000732869215653,0.0,-0.000605510160795,0.00234948713071,0.000878091670646,-0.000543330630046,-0.00027081922982,0.0,-0.00577581022839,0.00159957378814,0.000238180303615,-0.00126502230659,0.00384800859617,0.0,0.0,0.0028076761542,-0.000178396218473,-0.000173025348645,-0.000850701880313,-0.00248653257001,0.00156917476188,0.0
11:12:00,-0.000709471473534,-0.00412371718386,0.00196656897204,-0.00478240988022,0.0,0.0,0.0,0.0,0.0,,0.0,-0.00324412287762,-0.00153727931889,0.00355240160437,-0.0041208849525,0.0,0.00405405960655,0.0,-0.00132450350489,0.00220345296643,0.00375234961855,0.0,0.0,0.000539519840441,0.00370599559432,-0.00342612754842,0.0004232804296,-0.0039224282149,0.0,-0.0018492839297,0.000919117711763,0.0,0.0,0.000877963181945,0.00421842669151,0.0,0.000496647638716,0.0,-0.00607166406855,-0.00229489486834,0.0028793570138,0.0,0.00146412910489,0.0,0.000302800910716,0.00497440674616,0.00233781520853,0.0,-0.000270892592745,-0.000527843770503,-0.00422164215383,0.00159701923749,-0.000714711168005,0.00126502230659,0.00263694267626,0.000431872172552,0.0,-0.000186933358802,0.00675678246288,0.0,0.00221032139635,0.00066368013055,-0.000871459750141,0.000383803497323
11:13:00,0.000709471473534,-0.000826787975994,0.0,-0.00288046286535,0.0,0.0,0.00106326432133,0.0,,0.0,0.000849256951255,-0.00570266311218,-0.00153964618559,-0.00141944665423,0.000687994523182,-0.00136147059832,0.000674081589394,0.0,0.0,0.0,-0.00224971973402,0.0,0.00188501469577,0.000359518249423,-0.000411099697465,-0.00300752106396,-0.0004232804296,-0.00174825219353,0.00229621226035,-0.000462855828675,0.000459242258358,0.0,-0.00133719654425,0.00306681510907,0.00559702953672,-0.00051321530508,0.000496401102275,-0.00108518730129,-0.0190599068354,0.00229489486834,-0.000575208528946,0.00130718972862,0.00292184283837,0.0,0.00090785299018,0.00262352577238,0.00116686127592,0.000271702216045,0.000541711822565,-0.00264340624451,-0.00291275196005,0.000265922086396,0.000952834755272,0.00126342404677,-0.000239434934701,-0.00302702933839,0.0,-0.00430914015737,0.00123970617135,0.0046612082668,-0.00186995379606,-0.00398870397532,-0.000872219854686,0.0
11:14:00,0.00636269378783,-0.00497513464011,-0.00196656897204,-0.0116055461203,0.0,0.0,0.0,,,,0.0,-0.00327332534497,-0.000770712947591,-0.00927584246252,0.000687521512128,0.0,0.00403497521218,0.00712207607441,-0.000662910199948,0.00146627592253,0.0,0.0,0.00438459831782,-0.004322773302,-0.00164609090667,-0.000860955713965,-0.00211909382118,0.00305743850315,0.0,0.0,-0.000459242258358,0.000448329978368,0.0,0.00305743850315,-0.000465224479198,0.00051321530508,0.0,-0.00108636621222,-0.0068514749491,0.00286123228103,-0.00172761344438,0.0,0.0,0.0,-0.0012106539009,0.00319721243143,0.00203873668985,0.00406669938255,0.00216391753359,-0.0021197676194,0.00238379135528,0.00106298176366,0.0,0.00729654765688,-0.00167765168168,-0.00368803975897,0.0,0.00356105708527,-0.00728309463215,0.00498240013608,0.00186995379606,-0.000499708513771,0.00348432408261,0.00115052745194
11:15:00,-0.00565372530723,0.00910225564476,0.0,-0.00977524890464,0.0,0.0,0.0,0.0,,0.0,0.000848536325839,0.0,0.000770712947591,0.00357782134788,0.00343053509679,0.00204151142698,-0.000671366255496,0.00322061470004,-0.00332115881493,-0.00146627592253,0.0,0.0,0.00560923876451,-0.000180521708225,-0.00247422806635,0.00172117082077,-0.00297429579793,0.000436014831412,0.000917010609881,0.00138792527485,-0.000459453258714,0.0,0.00133719654425,0.00130747458155,-0.00232937445182,-0.00359805065629,0.00198314393205,0.0,-0.00752826642079,0.00285306898241,0.00345224738723,-0.00130718972862,-0.00145985427387,0.0,0.000302800910716,-0.000870953749351,0.00145369992165,-0.00298062813814,0.000540248527457,0.0,0.00158604315563,0.0,-0.00119118537015,0.00175328786304,0.000479616316148,0.000217320439843,,0.000935016430907,0.00692904966474,0.0,-0.00135961951604,-0.0001666250108,0.0,-0.00115052745194
11:16:00,0.000708466200373,0.0,0.0,-0.0168404177952,0.0,0.0,0.0,0.0,,,-0.000848536325839,0.00163800200424,0.0,-0.000714540937869,0.00136892560734,-0.00136054442756,-0.0020168074063,0.00577109649192,-0.00199800266267,-0.00367512357789,0.00224971973402,0.0,-0.00124378125487,-0.0019878925856,-0.00206654340955,0.0,-0.00811796810245,-0.000872219854686,-0.0013758314484,-0.000925069446173,0.000918695517072,-0.000896861046664,0.00222469502211,0.00651185283492,-0.00233481310829,0.0,0.000495172082413,-0.0010875476874,0.00690307102687,0.000569638295095,0.00229489486834,0.0,-0.00365898688504,0.0,0.001210287591,-0.00116245290626,0.0,0.00406229400888,0.00107962223712,0.0,0.0010559663072,0.0,-0.00477898161635,0.00474348661242,-0.000719510763743,-0.000869565272184,,-0.00168365955028,-0.004791916171,-0.00274584006399,0.00220844394524,0.00216396255896,0.00416522643148,0.00306513649938
11:17:00,0.00070796463134,-0.00412712100465,0.0029484050843,-0.0201823197499,0.0,0.0,0.0,,,,0.00169635324818,0.00163532334073,0.000770119406564,-0.00645394854074,0.0,-0.00204429372728,0.0020168074063,-0.00192000058982,-0.0053476063266,-0.00590843668617,0.0,0.0,-0.0012453301734,-0.00181061067027,0.0,-0.000860215106808,-0.00429923276132,0.00261438057407,0.0,0.0,0.0,-0.00179613878553,0.00354924951114,0.00388685438597,-0.000467617497415,-0.0010303967939,-0.00247831601447,-0.00163354242696,0.00187441479435,0.00113830405006,0.0,0.000653808457419,0.0,0.0,0.0,-0.00174621697457,0.0,-0.00379096040255,0.000269723535014,0.0021197676194,0.002635047638,0.000531067458047,-0.00359928402965,-0.00374298627883,-0.00240211501524,-0.0039224282149,,0.00727547281606,0.00496895432319,0.00137386248641,0.0011871450559,0.00232519619791,-0.00242760653294,0.00191095032354
11:18:00,-0.00283487078585,-0.00331400469004,0.000980873055592,-0.0321104749708,,0.0,0.0,,,,0.00843886864586,0.000816659906556,0.0,-0.00939652739608,-0.00136892560734,0.00136332672786,0.0,-0.0038510959021,-0.0013413818242,0.0,-0.00074934435878,0.0,0.00930239266231,-0.00145085263027,-0.00124197904601,0.000430200049655,-0.000430941614081,0.000435066354481,0.0,-0.00278035396904,0.000917852290229,-0.00134922440077,0.00132772756836,0.0,0.0,-0.00516797015844,0.000496154810476,0.0,0.0049813303502,-0.00170794234516,-0.00114678911651,-0.00130804466002,0.0,0.0,-0.001210287591,0.000873489646454,-0.000581226404041,0.000271260004376,-0.00188959429959,0.00317125001502,0.0,0.00159151227227,0.00861661626088,0.00249688019859,0.00288184637489,-0.00745127269574,,-0.000557776346152,0.00194535387197,0.00120058328459,0.00270819393688,0.000331729974845,-0.00121601682664,-0.00728112049814
11:19:00,0.0,-0.00666114036678,0.00195886448533,0.0167018496179,0.0,0.0,,,,,0.0,0.000815993517329,-0.00462963789874,-0.00728866200471,-0.00343053509679,0.00136147059832,0.0,-0.0025756614368,0.00401875959492,-0.00743497848752,-0.00225140808046,0.0,0.015314234973,-0.00218023342177,-0.000828843810401,0.0,-0.00302180242892,-0.000435066354481,0.0,-0.000464144821514,0.000458610418494,-0.00135104726698,0.0,-0.00215749814002,0.00466636404376,-0.000518268993202,0.000991571722295,-0.00218221581416,-0.00623054975064,0.0,0.00114678911651,-0.000654664507833,0.0,0.0,-0.000302800910716,-0.00291460422008,0.0,0.0,-0.00162249900385,-0.00211304885807,0.0,0.00423169105429,-0.0014309566,-0.000249407658108,0.00119832249211,0.00657752864715,0.0,-0.00130268930677,0.00176522552457,0.000171394292989,0.00236366816108,-0.00165975141836,-0.000521603071897,0.00192123017789
11:20:00,-0.00284293013083,-0.00418585793268,0.010705698356,0.0113228178303,0.0,0.0,0.0,,,,-0.00252419149591,0.00244399306988,0.0,-0.00366435001449,-0.00344234419097,0.00203873668985,0.000671366255496,0.000644537566625,0.00533334597536,-0.0157957402276,0.0,0.0,0.0120847392151,-0.000727802069972,-0.000829531362375,0.00171895186288,0.003452744043,-0.000870700969244,0.0,-0.00185873659463,0.000458400191387,-0.000901713316282,-0.00132772756836,-0.0021621630045,0.000930665492953,0.0,-0.000991571722295,-0.0027344835196,-0.0062696130136,-0.00285306898241,-0.00172067722408,-0.00065509337423,0.0,0.00162733965938,-0.00151538140834,0.000291842990544,0.0,0.00216743514816,-0.00135409634773,0.000264375414626,0.00472565857122,0.00131873947636,0.0,-0.00249750379569,-0.004080168867,0.0160419655218,,0.000744601672526,-0.00353357258131,0.00222545670896,0.00822911688913,0.0,0.000869187364587,0.0
11:21:00,-0.00071199718209,0.000838574472621,0.0115496952793,0.0222681266058,,0.0,0.0,,0.0,,-0.000842815051997,-0.00325998658721,0.000773096288988,0.00585653211271,0.00206682815566,0.00474095029553,-0.0033613477027,0.00257400399517,0.0,-0.00608366895361,-0.00451807997479,0.0,0.0107527917763,-0.000364099767358,0.000829531362375,0.00385687214767,0.00558540657206,-0.00218007498596,-0.000918273710072,0.00139437624265,0.0,-0.00633486281397,-0.00132949277283,-0.0043384015986,0.0,0.0,0.00297177038916,-0.000547795138322,0.000628733123509,0.00228310601457,-0.00114876520387,-0.00262467342277,0.0,0.0161293819299,0.0,-0.000583771178283,-0.000581564424649,0.00108195845015,-0.000542152358089,0.00132082967294,0.000261882939823,-0.00158269618899,-0.000238691969149,0.000250031255209,0.00288184637489,-0.0108109161042,0.0,-0.000558399269977,0.000884564409734,0.00460633758274,-0.000669232081193,0.00298557196392,-0.00121707395707,0.0110709281158
11:22:00,-0.000712504483295,0.00334728346006,0.00952388151126,-0.00904983551992,0.0,0.0,0.0,0.0,0.0,0.0,0.00168492036492,-0.00408998525153,-0.0015467907183,0.00872098550544,-0.0027567212496,-0.00609964615672,-0.000673627509474,-0.000642880125003,0.0,0.00304646084816,0.0,0.0,0.0,0.0014556043327,-0.000414679665905,0.0012823254589,0.000428357256496,-0.000873362500929,0.0,-0.000464576082688,-0.0013758314484,0.00317244770946,-0.00177541103005,0.00650056460309,-0.000465224479198,0.000518268993202,0.0034559402454,-0.000548095382315,0.00501568449617,-0.00114090143579,0.00114876520387,0.0,0.000732869215653,0.0119285708653,-0.000303352042369,0.00145878946366,0.0,0.000270306799862,0.0,0.0,0.000261814375105,-0.00343779262284,0.00262248332443,-0.00752826642079,-0.00023983691205,0.0,0.0,-0.00223672041061,0.00247262577408,0.0,-0.00705411054107,-0.00132582054555,-0.00121855703128,0.00208590196044
11:23:00,0.00142450166539,0.00831951553956,0.00849462399142,0.0110498361866,,0.0,,,0.0,0.0,0.000841396768192,-0.00164068945746,0.00077369442931,0.00864558699285,-0.00069036937502,-0.00136054442756,-0.000674081589394,-0.0025756614368,-0.00266311741948,0.0262679268206,0.00301432029292,0.0,0.0,0.0,-0.00124507175246,0.00383713964729,0.00171159648118,-0.00393959800408,0.0,-0.000464792013945,-0.000459031451714,0.00271125335538,0.00133185369299,0.000431872172551,0.000465224479198,-0.000518268993202,0.00589682298403,0.00273747775659,0.000625195393918,-0.00171379647773,0.00114744705648,-0.00131492458131,-0.000732869215653,-0.00793654959574,0.0,0.000582920447867,0.0,-0.000270306799862,-0.00217155351351,-0.000264026404174,0.00470097496702,0.00264550418842,0.0,0.00727823516558,0.00023983691205,-0.0021762794226,,-0.00336448915508,0.0,-0.0107813143222,0.00286123228103,-0.00149365225678,-0.00348979589911,0.000189411876691
11:24:00,0.00284293013083,0.0,-0.00376648279548,0.00199600864672,0.0,0.0,,,,,0.000840689414793,0.0,0.00154559536178,-0.00287356519573,0.00550965581097,0.0,0.00202088313977,0.000644537566625,0.0,-0.000741015224719,0.000752162502554,0.0,0.0,0.0,-0.00834033191622,0.00297429579793,-0.00256849456275,-0.00395517984293,0.0,0.000464792013945,0.000459031451714,-0.00271125335538,0.000443557337057,-0.00259403517705,0.00232288141614,0.000518268993202,-0.00098039223539,-0.00054689637677,0.0,0.00114285726725,-0.000573558948904,-0.000658111244549,0.0,-0.00399202126954,0.0,0.00174672533494,0.000581564424649,0.0,-0.00818558458644,-0.00105680326877,0.0018222053721,0.0,0.00332779009267,0.000250031255209,-0.000479731359645,0.00195886448533,0.0,0.00168365955028,0.000176382397495,-0.00206682815566,0.0,-0.00016609916158,-0.00367744044589,-0.0133462419529
11:25:00,-0.00426743179622,-0.00665006607002,-0.00662567497214,0.0,0.0,0.0,0.0,,,0.0,-0.00252419149591,0.0,0.00385356931599,-0.000719683370394,0.00274348594575,0.0,0.00134499011533,0.000644122405523,-0.00267022855588,0.00443787710605,0.0,0.0,0.0,0.0,-0.0117945764928,-0.00937773283313,-0.00128672546168,-0.00485544983923,0.000459242258358,-0.000929800159966,0.000917431257009,0.00225988796744,-0.000887311504534,-0.00173310268683,0.00139114328023,0.0,0.00440421558494,0.0,0.00623054975064,-0.00457928676583,0.00114678911651,0.0,0.0,0.00399202126954,-0.000303444092755,0.0,0.0,-0.00243605479788,0.00600930516384,0.0,0.00337531152593,-0.00026423569978,0.00142281266592,0.0,0.000479731359645,-0.0034850830308,0.0,-0.000935016430907,0.0,0.0,-0.00286123228103,-0.000166126755096,-0.00333890126551,-0.000960153698343
11:26:00,0.0,0.0,0.00568183346743,-0.000997506317125,0.0,0.0,0.0,0.0,,0.0,-0.00168634104044,0.00164068945746,0.00230503367522,-0.00432901108959,0.00205268631774,0.00136054442756,0.0,0.00128700146465,-0.00401875959492,0.0,-0.00150489117942,0.0,0.0,0.00326738355667,-0.00552370216863,0.00128397192902,-0.00645858003941,0.0,0.000459031451714,0.000465008146022,0.000458400191387,0.000451365387939,0.000443754167477,-0.00217061079364,0.000463284696727,0.00207039411431,-0.000488400498109,0.00109349382137,0.0123458358223,0.0,0.00057290176302,-0.00197693639346,0.0,0.00793654959574,0.0,0.00522194398115,0.000290655430036,-0.0010845988048,0.0021762794226,0.0,-0.00207576618384,-0.00158688211031,-0.00237248035363,-0.00250313021812,0.00119832249211,-0.00393529148006,0.0,-0.00056142978924,0.000528960604769,0.00172265331145,-0.000505774266872,-0.00316166333758,0.00123141892595,0.000960153698343
11:27:00,-0.00142653376545,0.00913248356327,0.00471032430018,-0.00199800266267,0.0,0.0,,,,0.0,0.0,0.000819336383402,0.0,-0.000723327337143,0.00136612043104,-0.00204151142698,0.00134318354647,0.000642880125003,-0.0033613477027,0.0,0.0,0.0,0.0,0.00036238449391,0.00127741128718,-0.00342759547227,-0.00259515716584,-0.00265839766661,0.0,0.00185787327012,0.000458190156928,0.00315386609702,0.0,-0.000434688118125,0.000463070163403,0.000516929450643,-0.00391581508683,-0.00164068945746,0.00611622701744,0.00343642949858,-0.00057290176302,0.002635047638,,0.0,-0.000303536199022,0.00317781576108,0.000290570974005,0.000542446446716,-0.00163176538791,-0.000793336019396,0.000259706533079,-0.0026504123652,-0.00237812240497,-0.00502513620267,-0.00023954964781,0.00502568522019,0.0,0.00317727582494,-0.000176289114604,0.00497897843758,-0.00287089617094,0.00249688019859,0.0,-0.000575981584514
11:28:00,-0.000714030733657,-0.0108019330328,0.0314549521679,-0.00100050033358,0.0,0.0,0.0,,,0.0,-0.00253485560319,0.0,-0.00230503367522,0.00361141598722,0.0,-0.00204568772329,-0.000671366255496,0.00192616431944,-0.002697236969,0.000737735186539,0.0,0.0,0.0,0.0027137058716,0.0088964789272,0.00470992093116,-0.00347071931913,-0.00177619940126,0.000917431257009,0.00231749814036,0.000457980314852,0.00269541942167,0.000886918018228,0.0,0.0,0.00154918698683,0.0,0.0,0.00607904607638,0.00114285726725,-0.000573230167602,0.000657678418971,0.0,0.00787405643091,0.0,0.0,0.000580888776136,-0.000542446446716,-0.00108932472645,0.00052896060477,-0.000259706533079,-0.00212539931231,0.00427655676726,0.00702814137911,0.000957854479365,0.000435824805329,0.0,-0.0016808296048,0.00140944350323,0.000171247538735,0.0,0.0,-0.00158353160564,0.000575981584514
11:29:00,-0.00214515634639,0.0,-0.0221003470007,-0.00804024431857,0.0,0.0,0.0,,,0.0,0.00422119664362,0.0,-0.00153964618559,0.0,0.0,-0.00136612043104,0.0020127480797,-0.00128369722378,-0.00405954549388,0.000737191334528,-0.00604231445596,0.0,0.0,0.0,0.00714438844709,0.00128068320599,0.0,-0.00400802139754,-0.000917431257009,-0.00231749814036,0.000457770664895,-0.000897666128501,0.00309803301559,-0.000434877154059,0.0,0.0015467907183,0.0,0.00164068945746,-0.00181983671699,0.0,0.0,0.00393701295934,0.0,0.000784006312209,0.000303536199022,0.00172910705905,0.000580551540254,0.000271260004376,0.00272109011436,0.0,0.0,-0.00266311741948,-0.000711490602764,0.000250093786473,0.00286807079967,0.0,,0.00447594928538,0.00175901540518,-0.00325872855054,0.00287089617094,-0.00233022741927,0.0,0.0
11:30:00,0.0,,,,,,,,,,,0.0,,-0.00288808865007,0.0,0.0,0.0,,0.0,,,,0.0,,0.000418672813317,,-0.000434688118125,-0.000446328951841,,0.0,0.0,,0.000883392283597,-0.00261324190528,-0.000926354860131,-0.00103092792636,0.0,,-0.00121506697817,,-0.000573558948904,-0.00131061617712,0.0,0.00312989300893,0.00121322429197,0.0,0.0,,,,,0.001066098182,-0.00118694375953,0.000250031255209,0.0,-0.00371057939654,,0.0,,0.0,0.000674308858996,,0.0,
13:00:00,-0.000716075934644,0.00250313021812,0.0596382663197,0.0,0.0,0.0,0.0,0.0,0.0,0.0,-0.00506757841231,-0.000819336383402,-0.00618239990832,0.00792225965571,0.00136425669181,-0.00823614813594,0.00334560365592,0.00256574868143,-0.0102215540715,0.00220831889523,-0.000757862863102,0.0,0.0,0.00612393844693,0.00292581190953,0.00468185575361,-0.0318048008701,-0.00806817464951,-0.00413888841011,-0.000928505173485,0.00228571528086,0.000448933789807,0.00966615610565,-0.0034949795296,0.000926354860131,0.00463082895983,0.00147022815016,-0.00218818468055,-0.00793412767542,0.00455841245171,0.000573558948904,0.00065552280289,0.0,0.01165061722,-0.000909780199219,0.0,0.00463231864828,0.00027118644234,0.0,0.00132117868339,0.00233493425579,0.00186294132388,0.00189843436229,0.000249968755207,0.00594885751977,-0.000656239769805,0.0,0.00464124104285,0.00175592670227,-0.00361415073723,0.00437195920863,-0.00183470988002,-0.0033512686802,0.0
13:01:00,0.0,0.00664454271867,0.0259754864033,-0.0101420747646,0.0,0.0,0.0,0.0,,0.0,0.00169204778102,-0.00246204473977,0.0046403795565,0.00429492428288,0.0013623980309,-0.0089997146032,-0.00267558688044,0.00447428039492,-0.00549451931764,0.00366972888896,-0.000758437654862,0.0,0.0,0.00197327178569,-0.00250731430978,-0.001274697432,-0.0149222755379,-0.00949588867311,0.00184162114665,-0.000929368096633,0.00091282525736,0.00089726340699,-0.00306547207429,0.00218579321998,0.00277392688273,0.00051321530508,0.00293398743479,0.00218818468055,0.0,0.00056834329464,0.0,0.00261780254208,0.0,0.00462250437887,0.00121285642521,-0.00144071484364,0.00374802226274,0.00243737426015,0.00487938078409,0.00105568761454,0.000259100921258,0.00106298176366,0.00755790087974,0.00174803390747,0.0011855365941,-0.00372684855347,0.0,-0.00166836631524,0.00175284882741,-0.00518583703237,0.000335514178621,0.00133466819946,-0.00141442739281,0.00726719587651
13:02:00,0.0,0.00165426009603,-0.00858374369139,-0.010245991274,0.0,0.0,0.0,,0.0,0.0,-0.000845666012343,-0.00576845439674,0.00154202035182,0.00924286708118,0.000680503598905,0.00623918835049,0.00334336653797,0.001274697432,0.00617921636596,-0.00661523911872,0.00151630051796,0.0,0.0,-0.000179227529828,-0.00251361674032,-0.00298062813814,-0.0137616850727,0.00859539333986,0.0,-0.000465008146022,0.00182315456152,0.0,0.00786373646021,0.00043658590521,-0.000461787124346,-0.00051321530508,0.0,-0.00218818468055,0.0109690313706,-0.00056834329464,-0.000573558948904,-0.00261780254208,0.0,0.0182792599078,-0.000606244335028,0.00316683725151,0.000862936915336,0.0,0.0,0.00237123019814,-0.000259100921258,0.00424066365694,0.00703402665738,0.000498877535914,0.0035482000561,0.00175554137692,,0.0012978587156,-0.00175284882741,0.000173295208821,0.00385034375406,-0.0018356283836,-0.00177085224248,0.00399353958536
13:03:00,0.000716075934644,0.0,-0.00345423486809,-0.0218644836967,0.0,0.0,0.0,,,,0.00169061747791,0.0,0.00384467986081,0.0119593405694,-0.00136147059832,0.0041379369388,0.000667334025433,-0.00255102179161,0.00477979742376,-0.00369413054014,0.00151400483122,0.0,0.0,-0.00125549294583,0.000419375137201,-0.00427351077738,-0.00648751116886,0.00359712618085,0.0,0.00139437624265,0.00136518792534,0.000896459047037,0.00737050811163,0.00218007498596,-0.00462963789874,-0.00102722145653,-0.0014659176825,0.0027344835196,0.00362976805058,-0.0017069705425,0.00114678911651,-0.00065552280289,0.0,0.0282756932762,-0.000303260047813,0.000287397616578,0.00229753116574,0.0,0.0,0.00131492458131,0.000259100921258,0.00105736198062,0.0,0.00323665164917,-0.000944956366087,0.00262754694635,0.0,0.000740877974248,-0.00175592670227,-0.000173295208821,0.000668114272389,0.0,-0.00159645266723,0.000189771326122
13:04:00,0.000715563536794,-0.0074658165108,-0.00520382787503,0.0010520779508,0.0,0.0,0.0,0.0,,0.0,0.0,-0.00996685991539,0.00306513649938,0.00349040493977,-0.00204568772329,0.0048060511321,-0.00133511368297,-0.00319795603532,0.00136147059832,-0.00148148175244,0.00226671800869,0.0,0.0,-0.00594007686659,0.0,-0.00171453106724,-0.0126317469059,0.00089726340699,-0.000920386627329,0.000928505173485,-0.000454855591195,-0.000448129068669,0.00517019678196,0.00174064447778,0.00139114328023,-0.00102827772557,-0.000489117153307,0.000546000559565,0.0137933221323,-0.000569638295095,0.00057290176302,0.00065552280289,0.0,0.0109450198771,0.0,-0.000574877854292,0.00229226461404,0.000540832895823,-0.0021656749125,0.00288676227239,-0.00103680672844,0.0,0.00349854584251,0.000745434249948,-0.000236378679744,0.0,0.0,0.0071949392571,-0.00175901540518,-0.00329832778839,-0.00334504409581,0.00216901728484,0.00301338524577,0.0018957351649
13:05:00,-0.00573889666902,0.00581155641478,-0.00961125791011,-0.0010520779508,0.0,0.0,0.0,,0.0,0.0,-0.00169061747791,-0.014291962478,-0.00153139386743,-0.0119174211016,-0.000682826929911,-0.00205690850718,0.000667779657536,0.00192000058982,0.00203873668985,-0.0156895261714,0.0,0.0,0.0,0.0,-0.00588731725704,-0.000858369151416,-0.00141342779715,0.00447428039492,-0.000460511175534,-0.000464144821514,0.00317965291738,-0.00359228046834,-0.00517019678196,0.00650056460309,-0.00139114328023,-0.000514535642945,-0.00195886448533,0.0,-0.0174230901829,-0.000569962967838,-0.00057290176302,-0.00131147559781,0.0,0.00795089118074,0.00393522529938,-0.000862936915336,-0.000572573734509,0.0,0.00081267781799,0.00104766903244,0.0,-0.00026423569978,-0.0100620949565,0.00297619267305,0.00236127618568,0.00371057939654,0.0,0.000918695517073,-0.00441112316498,-0.00400732307327,-0.00150892810925,-0.00133422301314,-0.00888894741725,0.00359202579245
13:06:00,0.00215594765507,-0.00581155641478,-0.016821999158,0.00838579337627,0.0,0.0,0.0,,,0.0,-0.000846381768681,0.0126211183132,-0.00153374263195,-0.0127751914887,-0.000683293501133,-0.000686577438573,0.00466201310581,0.00127795544549,0.00474095029553,-0.00528502551405,-0.003023433898,,0.0,-0.00180701169517,-0.0101738902144,-0.00214915191254,0.00564176390667,0.00711746776886,-0.000921659051417,0.00278164296188,0.0,-0.0018009910316,0.00344976625007,-0.00302833889234,0.0,-0.00102986620843,-0.000490316263807,0.0,-0.00242718565761,-0.000570288010894,0.0,0.0,,-0.00577618934505,0.00241400237928,-0.00230481231387,-0.00286779663136,-0.000540832895823,-0.00027081922982,0.00235324987667,-0.00155722844861,0.00026423569978,-0.00329800063359,0.000990099090783,0.00117855051944,0.0,,-0.00644866352653,-0.0083459598358,0.00122132092299,0.00117380746269,0.0,0.000357079096813,0.00150858033513
13:07:00,-0.00720464211505,-0.00920123597441,0.00888894741725,0.0,,0.0,,0.0,,0.0,-0.00169491565999,0.00500418058458,0.00153374263195,0.0,0.0,0.0,0.00331675262599,0.00191387618228,0.00606266592585,0.0120392725796,-0.00455235991046,0.0,0.0,-0.000180880890427,0.0,-0.000860955713965,0.0148909219652,0.0110206096664,-0.00138408326594,0.000462855828675,-0.000453617608141,-0.000450755022281,0.00172043053188,-0.000866926798986,-0.00232288141614,0.0,-0.00245519396595,0.0,-0.00976808743621,-0.00572083940121,-0.00114678911651,-0.00131319782496,0.0,-0.0131197217128,0.000602591160145,-0.0043358934817,-0.000574547559614,0.0,0.00027081922982,0.00286869410448,-0.00260078170006,-0.00026423569978,-0.00188946678792,0.00148331300374,-0.00259464705064,0.0021762794226,,0.0,0.00746139542606,-0.00122132092299,0.000502638864566,0.0,0.0017834854023,0.0046996984707
13:08:00,-0.00507431317147,-0.00252419149591,0.00617558204415,-0.00104438651791,0.0,0.0,,0.0,0.0,0.0,-0.00169779327709,0.00663352349563,-0.00383877630717,0.00853490244984,0.00204848142647,-0.00412939334201,0.00198478397939,0.0,0.0,0.005965714934,-0.00228397510783,0.0,0.0,0.0,0.00170285268905,-0.00215563782546,0.0110244570863,-0.000438500335902,-0.00138600160788,0.000925069446173,0.0,0.000901306956013,-0.00258175702785,-0.00260529891176,0.000465008146022,0.00051506568226,-0.000983767910133,-0.00109229939861,0.00976808743621,-0.00172265331145,0.000573558948904,-0.00197303582586,,-0.00588669838273,-0.00150715929057,0.000579206503305,0.00200947390713,0.000270453010438,0.0,0.000260382764132,-0.00391389932114,0.0,-0.00236686501027,0.0027137058716,0.0,0.00779562198246,,0.0,0.00511961573695,-0.00104803503043,0.00184085065791,-0.00116890720498,-0.00214056449911,0.00262221540026
13:09:00,-0.00436999967112,0.000842105312922,0.0070114222378,-0.0126184639592,0.0,0.0,0.0,,0.0,0.0,-0.00682014578821,0.0106864970964,-0.000769526779028,0.00424028903889,0.0,-0.0103987072209,0.000660720209039,-0.000637551822679,-0.0020168074063,-0.00372439909098,0.00228397510783,,0.0,0.00144613185,0.00762715561872,0.000431499467321,0.000456725287683,-0.00881062968215,0.000924214483531,0.00323102058145,-0.0018165309264,-0.000450551933731,0.0,-0.00174064447778,0.000464792013945,0.00051480052617,-0.000492247117988,-0.00109349382137,0.00242718565761,-0.000574877854291,-0.000573558948904,-0.000658544640197,0.0,-0.0261697177334,0.00210938755328,0.00490975715516,0.000573394511123,-0.000270453010438,0.0,0.00130089780282,0.00130633591406,-0.00238126848864,0.00094741835604,0.000246335756881,-0.00378609065609,-0.00129505737936,,0.0025844577797,0.000176071837765,0.0,0.00133667521991,-0.00754720563538,-0.000893255977215,-0.000187073239719
13:10:00,0.00291545396012,0.00168208618298,0.00435730536896,-0.00424178790836,0.0,0.0,,0.0,,0.0,-0.000855798083896,-0.0148272897624,0.00153846184191,0.00140944350323,-0.000682360995429,-0.00279134863727,-0.00596225681442,0.000637551822679,-0.00269541942167,0.00372439909098,-0.00152207030907,,0.0,-0.00108440278113,0.00463256250673,0.00129338237474,0.0,-0.00710482562374,-0.00231213975838,0.000921234519321,0.0018165309264,-0.000450755022281,-0.000430941614081,-0.00174367960483,0.000928936434659,0.00102880667511,0.0,-0.000547195636089,0.00423345053194,-0.000575208528946,-0.00114810575183,-0.00197824001211,0.0,0.00151400483122,0.00120336957963,0.0,0.0,-0.00135336331389,-0.00081267781799,0.00880150646859,0.00156535382864,0.00238126848864,0.00141944665423,0.00221429540591,0.0,-0.00541419839087,0.0,-0.00203008282325,0.00263736416609,-0.00052442969474,0.00183501594573,0.0,-0.000715179719381,-0.000748643119375
13:11:00,-0.00218579321998,0.0,-0.00348432408261,-0.00532766310779,0.0,0.0,0.0,,,,-0.00171379647773,-0.00166112995008,0.0,0.00561799230422,0.00204568772329,-0.0042016868537,-0.00266134554951,0.000637145609321,-0.00473453708211,-0.00372439909098,0.00455927841452,0.0,0.0,0.000903750626357,0.00209863665692,0.000861326495972,-0.00825314175672,0.00267022855588,0.00138792527485,0.000460299202603,0.0,-0.000450958294001,0.0021528533611,-0.000872981286345,0.000928074312553,0.00563959454222,0.000492247117988,0.00164068945746,0.0102072336229,-0.00288101610973,-0.00172463394285,0.000659848258847,0.0,0.017991489793,0.0,-0.00317414781002,-0.00402068318788,-0.000270892592745,-0.000271039437898,0.00514139950042,0.00104220957844,0.0,0.0,0.00294478740412,0.0,0.00108518730129,,0.00405605275833,0.00385559538269,-0.000349772651345,0.00183165482897,0.00016833599905,0.0,0.00130975788206
13:12:00,-0.00219058137982,0.0108651298691,-0.0140599855683,-0.00643089033029,0.0,0.0,0.0,0.0,,,-0.000858000910636,0.0,0.00230326397409,-0.00280505092761,0.000680966999416,-0.00281096460565,0.00133155811951,0.0,-0.00135685231129,0.00149142458667,0.000757862863102,0.0,0.0,0.00054185858817,0.00501883111194,0.00300881378934,-0.00461468285467,0.0,0.0,0.0013796277194,0.000907029540643,0.000901713316282,-0.000430200049655,0.000872981286345,-0.000463929491039,0.0045906737086,0.0,0.00109229939861,0.00892066575838,-0.00173260222378,-0.000575539584232,0.00131839175326,0.0,0.0220435082886,0.0,0.0,0.00028772838639,-0.000813118353514,0.000271039437898,0.00638979809877,-0.00679385942141,0.00211193320314,-0.0028409110016,0.00464491728659,-0.000711490602764,-0.00130236614892,0.0,0.00422290171297,-0.00122516861392,-0.00649295954877,-0.00183165482897,-0.00337211582397,0.0016084356966,0.00317371684297
13:13:00,-0.00219539056344,-0.0016638938947,0.0140599855683,0.0,0.0,0.0,0.0,,,0.0,-0.000858737708418,0.0,0.0,-0.00846267391873,0.00204012311494,0.00631359515685,-0.00133155811951,0.00190900471592,0.00474095029553,0.00148920355147,0.00378072283991,,0.0,0.000902445688897,0.000417101153075,0.00556389194805,-0.00185185238107,0.00620294412461,-0.00138792527485,-0.000459664453049,0.000906207583538,0.000450551933731,0.00171969087953,0.000872219854686,-0.000464144821514,0.00203355433576,0.000492004929974,-0.000546000559565,0.00118343209078,0.0126365840045,0.0,0.0,,-0.00949258679676,-0.000601503777534,0.0,0.0,0.000542152358089,-0.000271039437898,0.00508260306347,0.00131010106515,0.00105429635491,0.0,0.00704827319369,-0.00118694375953,-0.000651819686305,,0.00566366728161,-0.00192830281506,-0.00282087634164,0.000166652779321,-0.000337837841051,0.00516520874079,0.00260610720844
13:14:00,0.0109290705322,-0.00752197445469,0.00261438057407,-0.00107584733346,0.0,0.0,,0.0,,0.0,-0.00344234419097,0.00166112995008,0.000766577270196,-0.0035473609388,0.00135777346046,0.0138891121607,-0.00133333353086,0.00317359834754,-0.00270636159774,0.000743770952845,-0.003023433898,0.0,0.0,0.00450005259445,0.000833680748578,0.0,0.0,0.0105449131766,0.0,-0.00138026246896,0.000452796023132,0.00135043909787,0.0021454631701,0.000871459750141,0.0,0.0030425986961,-0.000984252047962,0.0,0.000591191267588,-0.00687287928776,-0.00057587102081,0.00131665588475,0.0,-0.00958356026406,-0.00210811702829,0.00144404357223,0.00172463394285,-0.000542152358089,0.0018957351649,-0.00431856380562,0.0,0.000526731642413,0.000474045991337,0.00169389030217,0.00118694375953,-0.000217367678282,,0.000364298728983,-0.000702123953717,0.00229256779717,-0.000166652779321,-0.00118333206269,-0.00516520874079,0.00167177525701
13:15:00,0.00722024797349,-0.00420345301563,0.00086994350854,0.00107584733346,0.0,0.0,0.0,,,,-0.00431966114452,0.00248653257,0.00229621226035,-0.00784877379207,0.0,0.0,0.00199933422148,0.000633512849822,0.00203045755038,0.00371057939654,-0.00303260277904,0.0,0.0,0.00251121208201,0.00124921940043,-0.00170867192362,0.0101430099651,0.0,0.0,-0.00415225510077,0.00226090984846,0.00314395048997,0.00214087001058,0.00651185283492,0.0,0.00101214583539,-0.000492489544551,-0.000546298839044,-0.000591191267588,0.00573067470899,0.0,-0.00131665588475,0.0,-0.00743497848752,0.0,0.0,0.0,0.000542152358089,-0.00054127200239,-0.00715383735662,0.0,0.00236686501027,0.0,-0.00484731923432,0.0,0.0,,0.0,-0.000878348760907,0.00702126809325,0.0,0.00135226525001,-0.000357206647842,0.0075806963752
13:16:00,-0.00143988505799,0.00420345301563,0.000869187364587,0.0,0.0,0.0,,,,0.0,-0.00520834510714,0.00495459312468,0.0,-0.00574714225557,-0.00135777346046,-0.000689893093938,0.00398671624382,0.00063311176537,0.000675904047361,0.00369686188133,-0.00685716972614,0.0,0.0,0.000716332408855,0.00041605991863,-0.00385522002443,0.00137520076681,-0.00131204917138,-0.00324600331385,-0.000462427753905,-0.000903750626357,-0.00314395048997,-0.00342759547227,-0.000432806758542,0.0,0.0035344646742,-0.000985707324759,-0.00273597981887,-0.00296121033678,-0.000571591898958,0.00574384117925,0.00263158046606,,-0.00598804184462,0.0,0.00201816415624,-0.000574547559614,0.0,0.000811798177446,0.00230503367522,0.00261506425178,0.000262639528758,0.00189393996007,-0.00584796988242,-0.00118694375953,-0.00654309858894,0.0,0.0,-0.00158297456325,-0.00614090884984,0.0,0.00606266592585,0.000357206647842,0.00916764763296
13:17:00,-0.0057803629155,0.0,0.00433464051044,0.0,0.0,0.0,,,,0.0,-0.00523561405394,0.000823384155205,0.00152788417805,0.00215905085669,-0.00340252114584,-0.00623054975064,0.00198741370484,-0.00063311176537,0.000675447509638,0.0036832454163,-0.00459770924863,0.0,0.0,0.00107353740852,-0.00041605991863,-0.00171821348114,0.0032014662606,0.00174901662426,-0.000464576082688,0.000462427753905,-0.000904568130427,0.0,-0.00214822853829,-0.00173310268683,-0.000928936434659,0.000503905276473,-0.00197433430372,-0.00164518819669,-0.011933315835,-0.00343642949858,-0.00574384117925,0.0,0.0,-0.00829254657801,0.000904022963482,0.0,0.00430108189939,0.0,0.0,0.00535783907035,-0.00340091890912,0.000525072209491,-0.00189393996007,-0.00171211977741,0.00142416354477,-0.00197130717655,0.0,0.0,0.0,0.00298743742087,-0.000166680557099,0.000671366255496,0.000357079096813,0.00382548968215
13:18:00,0.0,-0.00504626806762,0.019700851305,-0.0021528533611,0.0,0.0,0.0,,0.0,,-0.00350570034763,-0.0016474468306,-0.000763650285297,0.0114368651909,-0.00273037712286,-0.00208550649102,-0.00132450350489,-0.00635326152261,0.000674991588234,-0.00294551022976,-0.00307692550448,0.0,0.0,-0.00107353740852,0.0,-0.0012906003082,0.00455581653586,-0.000436967452878,0.000464576082688,0.0,0.0,0.00224668708298,-0.000860585251047,0.00346320692462,-0.000929800159966,0.0,-0.00197824001211,-0.00109829774906,0.0,-0.000573888107573,0.0,0.00196915061988,,0.0,-0.000602591160145,0.000863682218652,0.00570614957685,0.00081267781799,-0.00216626133996,-0.0025477720788,-0.000262088849619,0.0,-0.0047506027586,0.00293327025277,0.00165896471275,0.00219010162004,,0.0,-0.00017604084193,-0.0021078525282,-0.000333444484583,0.0,-0.00268120636091,0.0081485285639
13:19:00,-0.0021762794226,-0.00422476336031,-0.000848536325839,0.00107700602764,,0.0,,0.0,,0.0,0.00175438641489,-0.00413053044929,-0.00229445607352,-0.000710984743779,-0.00136798926943,-0.00208986491946,-0.00265428158487,0.000637145609321,-0.00202634314523,0.0,-0.00385951849218,,0.0,-0.00161247011557,0.00207857069224,-0.000861326495972,0.0018165309264,-0.00131204917138,0.000928505173485,-0.000925069446173,0.0,-0.000898069211684,0.0012906003082,0.0,-0.00186219793106,-0.00403836995067,-0.000990589481696,-0.00385356931599,0.00479042832263,-0.00172364305817,0.0,-0.00328407520119,0.0,-0.00227358945987,0.0015057976042,-0.000863682218652,0.00369161288192,0.0,-0.00380228594974,-0.0020429016298,0.00130975788206,-0.000787711738249,-0.000476303890882,0.00316802994341,0.00165621710638,0.000437445326311,0.0,0.0,-0.0017621149934,0.0,-0.000333555706895,-0.000671366255496,0.00214553988974,0.00270148746016
13:20:00,0.00362450559896,0.0,-0.00681433641973,0.00107584733346,0.0,0.0,0.0,,,,0.00698692798668,-0.00664454271867,-0.000765990079583,0.0028409110016,0.0,0.00417537141048,-0.00332779009267,0.0012730746468,-0.00270819393688,-0.000737735186539,-0.00309837583267,0.0,0.0,-0.00251346631426,0.00414422474603,0.00215192680417,-0.00409184476353,-0.00262927408262,0.0,0.000925069446173,-0.00226500663085,-0.00134861787129,0.00128893680573,0.000432058766713,-0.00279981517475,-0.00456274555842,0.00148551649007,-0.00165608649498,0.00357782134788,-0.0028793570138,0.0,0.0,0.0,0.0105661360379,-0.0015057976042,,-0.000850701880313,-0.00081267781799,0.0,0.00102197249569,-0.000785648855391,-0.00184041066802,-0.008612493427,-0.00243605479788,0.0,0.0,0.0,0.0,-0.00158856268514,0.000351617443848,-0.00083437635212,-0.00268998144721,0.000178587374347,-0.00216060580991
13:21:00,-0.00217312653431,-0.00169491565999,0.0,0.0,0.0,0.0,,0.0,,0.0,0.00780238028418,-0.0100503358535,-0.00153374263195,-0.000709471473534,-0.000684697048317,0.00554018037562,0.0,-0.0012730746468,0.0,-0.00740744127786,0.00541587397303,0.0,0.0,0.00287201777024,0.00495050515986,0.00257621439177,-0.00228050269873,-0.00660358992261,-0.000928505173485,0.0,-0.00136147059832,0.000449741406277,0.00171600213709,0.00129505737936,0.00279981517475,-0.00254388333574,0.00148331300373,0.0,-0.00238379135528,-0.00173160216428,-0.000576202839336,-0.00131665588475,0.0,0.00449438958784,0.0,-0.000576202839336,-0.00113539609132,-0.000542152358089,-0.00217924357561,0.0,-0.000786266584865,0.00131492458131,-0.00529994013422,0.00607904607638,-0.00355240160437,0.0,0.0,0.0,-0.00106044548644,-0.00158325303545,-0.00116929771946,0.0021861607967,0.000178555486591,-0.00324968691834
13:22:00,-0.00654785897113,0.00507615303186,-0.00944618445205,-0.0021528533611,0.0,0.0,0.0,,,0.0,-0.00259403517705,0.00168208618298,0.00306513649938,-0.00569396556167,0.0,0.00206967993853,0.0,0.0,-0.00271554817248,-0.000743770952845,0.00921665510492,0.0,0.0,0.00107488365777,0.00246609249519,0.0,0.00045651678492,0.000883002264878,-0.000929368096633,0.0,0.000454029519718,0.0,-0.000428724551047,-0.00172711614608,0.0,0.0,0.000987654401273,-0.000552638864576,0.00535556174443,-0.00173460581221,-0.000576535040473,-0.000658978607043,0.0,0.0089286307443,0.00240818900248,-0.00230813720475,0.000283969901099,-0.00027118644234,-0.00191074167591,-0.00102197249569,0.0,0.000525486086711,0.00217155351351,0.000484730983801,0.0011855365941,0.0,,0.0,-0.000884564409734,-0.00246783132474,-0.000501546445354,-0.0021861607967,-0.000535762134433,-0.00362319236942
13:23:00,0.00291545396012,0.000843525988439,-0.0139011795449,0.0021528533611,0.0,0.0,0.0,,,0.0,-0.00260078170006,0.0108651298691,-0.00153139386743,0.0035625260336,-0.000685166179597,0.000688942500553,-0.00133422301314,-0.001274697432,-0.00408719915027,-0.00298062813814,0.00609757986812,0.0,0.0,-0.000895656127945,0.000410424795419,0.00128562263261,0.00136830123971,0.00440335365827,-0.00186133138895,0.000462214013313,0.000907441078603,0.000449539229868,-0.000858000910637,-0.00216309839913,0.000465874688137,0.0,-0.00247096740501,0.00110497248812,0.00177883236944,-0.00115807772063,-0.00115406821811,-0.000659413146215,0.0,-0.00743497848752,-0.00180559784234,0.00633460223624,0.00226886087119,-0.000271260004376,-0.00273597981887,-0.000767165361753,0.0,-0.000525486086711,0.000240992891876,-0.00218314216485,0.00165739353673,0.000218650924671,0.0,0.0,0.000176975489357,0.0,0.0,-0.000168364340831,0.000357206647842,-0.00893269999481
13:24:00,0.000727537318377,0.0033670065479,-0.00702373387931,-0.00107584733346,0.0,0.0,0.0,,0.0,0.0,-0.00784317746103,-0.0058357814641,0.000765990079583,-0.00427655676726,0.0,-0.00275862243908,-0.00200467825238,-0.0019150979361,-0.00341880674879,-0.00149365225678,-0.00304414238123,0.0,0.0,-0.000358487187922,-0.00328812462303,0.0,0.00136643154943,0.00307085128357,0.000465657749974,0.0,0.00090661837579,0.00179613878553,-0.000429276675405,-0.00477535094579,0.000931098763729,0.00254388333574,-0.00148551649007,0.0,0.00590669171539,-0.000579542177913,0.000577200593225,-0.000659848258847,0.0,0.0059523985273,0.00210621410794,-0.000574217644259,0.00141542840333,0.0,0.0,-0.00256147681036,0.00235694753605,0.00131319782496,-0.00241254640538,-0.00438063489534,-0.00355492731292,0.0,,0.0,-0.000176975489357,-0.000529614276656,-0.0013386882856,-0.00219131988235,0.0035650661645,0.00711616906841
13:25:00,0.00362976805058,-0.00252419149591,-0.00264667115237,0.00107584733346,0.0,0.0,,,,0.0,0.000874508144932,0.000835771047396,0.0,-0.00357782134788,-0.000685635954182,0.00069036937502,-0.00335008688528,-0.000639181868997,-0.00618346181819,-0.0112740765732,-0.00152555330884,,0.0,0.0,-0.00785290251747,0.00213903824875,0.0013645669618,0.00087565679851,0.0,-0.000924641767219,-0.00090661837579,-0.000897666128501,-0.00257953711393,-0.000435255719603,-0.000465441013755,0.00506843457046,0.0,0.00110375287144,0.000588754800639,0.00173761989854,0.00115340266535,0.000659848258847,0.0,0.000741564735503,0.000901306956012,0.0,0.0,-0.000271333606332,0.00109529036141,-0.00462725761369,0.0,0.00288297932615,0.00120700075004,0.0,0.00166053887047,-0.000874890694476,,0.0,-0.00853186832043,-0.000529894916577,0.000669568153572,0.000337438842413,0.001777778246,0.0
13:26:00,0.00361664047019,-0.0093102661511,0.0131638583662,-0.00107584733346,,0.0,0.0,0.0,,0.0,-0.0035026305512,0.00500001041671,0.00153022218077,0.00429185208154,0.0,0.0,0.00468698548012,0.000639181868997,-0.00206967993853,-0.00227014853454,-0.0038240964384,,0.0,-0.00503236144695,0.00414079266603,0.000854335805915,0.0018165309264,-0.00219058137982,0.000930665492953,0.0,0.00090661837579,-0.000898472657027,0.0,0.00130519922814,-0.000931532438111,0.00504287503386,0.00148551649007,0.000551419920231,0.00820637665219,0.0,0.000576202839336,-0.000659848258847,0.0,0.00738555794339,0.0,-0.00576038459198,-0.000565930971528,-0.00135777346046,0.00109409201286,0.0,-0.000261608896194,0.00235263472779,0.00120554565535,0.00024387269966,-0.000948541688383,-0.00109469085918,,0.0,0.00017849174523,0.0,0.00033461603123,0.000168676731445,0.00513775600879,-0.00090950438284
13:27:00,-0.00506696704784,0.0,0.000871459750141,0.0,0.0,0.0,0.0,,,0.0,-0.00175592670226,-0.00249688019859,0.0,0.00498399038098,0.0,0.000689893093938,-0.000668225885206,0.0019150979361,-0.00138217022695,-0.00607904607638,-0.00383877630717,,0.0,0.00413558082906,0.00123890166579,0.00128013672272,-0.00591583067734,-0.00131665588475,-0.000465224479198,-0.000925497520943,0.0036182762225,-0.000899280636144,-0.000861326495972,0.00217155351351,0.0,-0.000503144664703,0.0,0.00165243772109,0.00233236257336,0.00115673812782,0.00517093941623,0.00131926140506,0.0,-0.00294768083734,-0.000300345399464,0.0,0.000848776398389,-0.00299360680769,0.0,0.00514007813775,0.000261608896194,0.00364868791549,0.0048077015681,-0.000975847845188,-0.00071199718209,-0.00241254640538,,0.0,-0.00017849174523,0.000176662839431,0.000167266037021,0.000168648284403,0.00194191957927,0.000727669670092
13:28:00,0.00506696704784,0.0025477720788,-0.00174367960483,0.0,0.0,0.0,,,,0.0,0.000878348760906,0.0,0.000764233892756,-0.00213295495014,0.00137080213378,0.0,0.0,0.001274697432,0.00895014580408,-0.00458365966766,0.00460476638675,0.0,0.0,0.00125526780582,-0.00247934011304,0.00212992625783,-0.00503318381233,0.000439077943388,-0.000931098763729,-0.000926354860131,-0.000903342428186,0.0,-0.00129338237474,-0.00217155351351,0.00139697345187,0.000503144664703,-0.00148551649007,-0.00496552744405,-0.00936226850161,0.0,-0.00114678911651,-0.000659413146215,0.0,-0.00369686188133,,-0.00028889210081,0.00113058237029,0.00380849208978,0.00273000442554,-0.000512820524059,0.0,-0.00130157508939,-0.0048077015681,-0.00146555961747,0.000237388725151,-0.000878734678689,,0.0,0.00374165247215,-0.000706838693504,0.000167238063773,0.00151655602409,0.0,-0.00254916379848
13:29:00,-0.00361664047019,-0.00339847395911,0.00348432408261,0.0,0.0,0.0,0.0,,,0.0,0.0,0.00249688019859,0.0,0.00355240160437,0.00205268631774,0.0,0.00133600554274,0.00381437207547,0.00136986322791,0.00458365966766,0.00153022218077,0.0,0.0,-0.000358487187922,0.0,0.00254993763327,-0.00598115424678,-0.000878348760906,0.00139632324293,-0.000463499428923,-0.000451977408825,0.000449741406277,0.0,0.00217155351351,0.0,0.00100553050202,0.0,0.000552944443174,-0.00767191723996,-0.00115673812782,-0.000573888107573,-0.000659848258847,0.0,-0.0111733005981,-0.00120228448507,0.00028889210081,-0.00056513140809,0.000814221784703,-0.00273000442554,0.0,0.000784416303786,-0.00234711282611,0.0,-0.00760646533362,-0.00071233530259,-0.000439657074569,,0.0,0.00761807209826,-0.000353606792935,-0.000334504100794,0.000505008006694,-0.00530505222969,0.0
13:30:00,0.0,-0.00597526319009,-0.00435730536896,0.0,0.0,0.0,,,,0.0,0.00438020849256,-0.00249688019859,0.0,-0.00141944665423,0.00136612043104,0.00137835997012,-0.00133600554274,-0.00381437207547,0.00273410970047,0.0075930509076,0.000764233892756,0.0,0.0,-0.000537971859115,-0.00331537808861,0.00338983375451,0.000461361023178,-0.000439463861171,0.000465008146022,0.00138985428905,0.0,0.000449539229868,-0.00129505737936,-0.00173686539538,-0.000465441013755,0.00301053915287,0.000495417399283,-0.00165975141836,-0.00415554174729,-0.00173761989854,-0.00114876520387,0.0,0.0,0.00373832211061,0.000300706662918,0.0,0.000847577392173,-0.000271333606332,0.00273000442554,-0.00205391599804,0.00599350328355,-0.00418629601433,-0.00265412147601,0.000738643391948,0.0,-0.00154032377248,,0.0,0.000176475779158,0.00669724040086,-0.00133913645724,0.00134544251712,0.00336313265042,0.00163949394589
13:31:00,-0.00290275965796,0.0,-0.0123024398722,-0.00431500130141,0.0,0.0,,0.0,,0.0,-0.00174978172379,0.00166527931906,-0.00229445607352,0.00141944665423,-0.000682826929911,0.00206398422085,-0.000668672709636,-0.001274697432,-0.00136612043104,0.0,0.0,0.0,0.0,0.00143394898204,0.00331537808861,0.00253485560319,0.00506097238508,0.0,0.0,0.0,-0.000452181784779,0.0,0.0017263707352,-0.000434688118125,0.0,0.00150187762899,0.000495172082413,0.000553556615298,0.0,-0.00174064447778,0.0,0.0,0.0,0.00372439909098,0.000901577822152,-0.000577867684384,0.0,-0.000271407248239,-0.00273000442554,0.000256970321342,0.0,-0.000786885286504,-0.000725075560468,-0.000984979148829,0.00071233530259,-0.000440528641485,0.0,0.0,-0.000176475779158,0.00508104465897,-0.00201207311342,0.00100789526422,-0.00247700055876,0.000909669852595
13:32:00,0.0,0.00256520020954,-0.000884564409734,0.00431500130141,0.0,0.0,0.0,,,0.0,-0.00175284882741,0.0024927308296,-0.000765990079583,0.00565772371986,0.0,0.00205973296301,0.0,-0.00447428039492,-0.00273785249734,-0.00151400483122,0.000763650285297,0.0,0.0,0.00107411395934,0.00124043844725,0.00210748233956,-0.00137772696879,-0.00308166653741,0.0,-0.00185356864932,0.0,0.00044933723515,0.0012928250023,0.000434688118125,-0.000465657749974,0.000500125041682,-0.00148625244104,-0.00277085242395,0.00415554174729,0.0,-0.00287769982761,0.0,0.0,0.00148588437442,-0.000901577822152,-0.00115673812782,-0.000847577392173,0.0,-0.00136780215553,0.00154043676161,0.00207630492448,0.00288222392636,0.0,0.000246335756881,0.000711828242181,-0.00132275151562,,0.0,-0.00815173750272,0.0100852880564,0.000335626786168,0.000671366255496,-0.00800359986052,0.0
13:33:00,-0.00145454571099,0.000853606539241,0.00265134932162,-0.00323450416766,0.0,0.027292142288,0.0,0.0,,,-0.000877577941359,-0.00166112995008,-0.00383877630717,-0.00707717037409,-0.00136705421153,0.00137080213378,-0.0013386882856,-0.00707171060214,-0.00274536891719,-0.00227531383714,-0.0038240964384,0.0,0.0,0.000894214492207,-0.000413308540705,-0.00421941554271,0.0018365478073,0.00264200946284,0.000464792013945,-0.00139243466452,-0.000452386345648,0.0,0.00215100104445,0.0,-0.0018648024052,0.000499875041651,-0.00198511231442,-0.00111049428403,0.00708385488841,0.00116076623596,0.0,0.0,0.0,0.000742115061888,0.000901577822152,-0.000578871217323,-0.000848296389057,-0.00108636621222,-0.00109559035883,-0.00282594921528,0.000518403329391,0.00209095737447,0.000966650631095,0.0,0.00284225676893,0.0,0.0,0.0,0.0,-0.00485606226554,-0.00151120841454,0.0,0.00676279495082,0.000181834712748
13:34:00,-0.000728067014323,0.00680274732275,0.00615928036053,-0.00108049713375,0.0,-0.0220358883992,,,,0.0,-0.000878348760906,-0.000831600879526,0.0,-0.00213295495014,0.0006837607104,-0.00205690850718,0.0013386882856,-0.00582337459318,-0.00206398422085,-0.00380373223925,-0.00383877630717,0.0,0.0,-0.000357589848259,-0.00165494452335,-0.00381275615456,0.0,0.00087912093574,0.000464576082688,0.0,-0.000452591091681,-0.00044933723515,0.00128838325745,-0.000434688118125,-0.000933706883894,-0.00300300525977,-0.00498008997397,-0.00222469502211,0.0,0.00693644399666,-0.00115340266535,0.0,0.0,-0.000742115061888,0.000900765711708,-0.00464307276383,0.000282845426861,0.0,-0.00109679199369,-0.000514668050475,0.00516930590235,0.0,0.0,-0.00493828164058,0.000472925050195,0.00132275151562,0.0,0.0,0.0,0.000695168606375,-0.000168053105177,-0.000839278269995,0.000354672818046,0.00362976805058
13:35:00,-0.0021873869458,-0.00424629088145,0.00262812240627,0.0,,0.0322400585734,,0.0,,,-0.00175901540518,-0.00166527931906,0.00383877630717,0.00142247534654,0.00136612043104,0.00137174232758,0.0,0.00259235401173,0.0,-0.00152555330884,-0.00539916467777,0.0,0.0,0.00107238616175,-0.000414164429196,-0.00254993763327,0.0,0.00569552470635,0.00185614902479,-0.000929368096633,0.000452591091681,0.0,-0.00171821348114,0.000434688118125,-0.00187003327054,-0.00351494210744,-0.000499375790652,-0.00446429312869,-0.00235571369246,0.00517093941623,-0.0011547345394,0.000659848258847,0.0,0.00148367979739,0.000300075021006,0.0,0.0,-0.000815549861705,-0.00137268381197,-0.00128783018443,0.00360268017049,0.00130463162666,-0.000241575070627,-0.00223020783803,-0.000236434567835,0.000660720209038,,0.0,0.00709222830949,0.000868281725125,-0.00269269768891,0.000839278269995,-0.000354672818046,0.00180995524524
13:36:00,-0.00146092063967,0.0,-0.00262812240627,-0.00216450300957,0.0,-0.00126984144048,0.0,,,,-0.00264433825309,-0.000833680748578,0.0,0.00142045478429,0.0,0.0,0.0,-0.00129533696869,-0.00137835997012,0.00532928554808,-0.00154798792521,0.0,0.0,0.000357206647842,-0.000828843810401,0.000850701880313,0.00503318381233,0.000873362500929,0.0,-0.00186133138895,0.000904568130427,-0.000449539229868,-0.000430015057153,-0.000434688118125,-0.00328099661568,-0.00151019409523,0.00398804117796,-0.00167926151972,0.00529257336577,-0.00229489486834,0.000577533946171,0.0,0.0,-0.000741564735503,-0.00210241855487,0.0,0.00197768110794,-0.00654845450599,0.000274687544647,-0.00309757604413,-0.00334491499314,-0.000521648420801,-0.000241633443244,0.00198265244625,-0.000946297681215,0.00132013220492,,0.0,0.000883002264878,0.00502122083466,-0.00219316831899,-0.00117518690601,-0.00141995054032,0.000723065830491
13:37:00,0.0,-0.00597526319009,-0.00704228262541,-0.00108401094626,0.0,-0.00254453063499,,,,,-0.00265134932162,-0.000834376352119,0.0,0.00141843995413,0.0,0.0,0.00133689859484,0.00452635755013,0.0,-0.00151975713142,0.00771608766586,0.0,,-0.000535857831881,-0.000414679665905,0.000425079708845,0.00591583067734,0.00218007498596,0.000463499428923,0.00232612340289,0.0,-0.000449741406277,-0.000430200049655,0.0,-0.00329179700021,-0.00252206943271,0.0,-0.0011210763506,-0.00117370905493,-0.00172463394285,0.000577200593225,0.0,0.0,0.00296296513066,0.000901577822152,0.0,-0.000847098737652,0.0,0.00356408876252,0.0,-0.000515596814722,-0.00104411390326,0.0,0.000247555391783,-0.000473484857331,-0.000659848258847,0.0,,-0.00265134932162,0.00327614742549,0.000337723745189,0.0021813919213,-0.0053428444105,0.00252662108785
13:38:00,-0.000731261458546,-0.00171379647773,-0.000883782647008,-0.00217155351351,0.0,0.0189280098855,,0.0,,0.0,-0.00177147964838,0.0,0.0,-0.00212841513483,-0.00204988114144,-0.00137174232758,0.00266844721383,0.00450596192071,0.00618771310817,0.00151975713142,0.00306984124429,0.0,0.0,0.0,-0.00124507175246,0.00212269236995,0.000907029540643,0.000435445249641,0.0,0.000928936434659,0.00180668522495,0.000449741406277,-0.000430385201392,-0.000434877154059,0.00610473837683,-0.00101061150592,0.0,-0.00224593019731,-0.00176315061838,-0.00115141060504,0.00115340266535,-0.000659848258847,0.0,-0.000739918642711,0.0,0.00261438057407,0.00450959050598,0.00027371014267,0.000820681211429,0.00387047315848,-0.00465237334372,0.0,0.0,-0.0044654006226,-0.000236826525677,-0.0033057881345,,0.0,-0.00514596113841,-0.00172295011609,0.00118113571481,0.000670241311954,0.0,0.000540589255439
13:39:00,0.000731261458546,0.0,0.00529101763442,0.0,0.0,0.0,,,,0.0,0.000886132091658,0.0,0.00306044615311,0.0,-0.00205409178694,-0.00137362658961,0.00597809817551,-0.000642467095661,0.00205409178694,-0.0083873919069,0.000765990079583,0.0,0.0,-0.00125145274222,0.0,-0.000848536325839,-0.000907029540643,0.000870322074083,-0.00139114328023,0.000464144821514,0.000902120043138,-0.000449741406277,0.000860585251047,-0.00217722707387,-0.000468274417361,0.00202020270728,0.000497388719531,-0.00507186209796,-0.00589972212719,-0.00346220772847,0.00287769982761,0.000659848258847,0.0,0.0029563953536,-0.000300435633926,-0.0023235560846,0.00196656897204,0.00355143113337,0.000820008246031,0.00128683584866,-0.00259403517705,-0.00235324987667,0.000241633443244,-0.00149290896103,-0.000473821378209,0.0,,0.0,-0.00338590718202,0.00017242865807,0.000168619846955,0.0028435245387,-0.000178587374347,0.00126023961229
13:40:00,0.000730727105953,-0.00171673861905,0.00087912093574,0.00108636621222,0.0,-0.0062696130136,,,0.0,,-0.000886132091658,0.000834376352119,0.000763650285297,-0.00142146434738,-0.000685635954182,0.0,-0.00132538124107,-0.0032185415618,0.0006837607104,-0.00229973271153,-0.00460476638675,0.0,0.0,-0.00250761370878,-0.00332779009267,-0.000849256951255,-0.00363636764338,-0.000435066354481,-0.00139308125617,0.0,0.00180180228926,-0.000449943764621,0.000430015057153,-0.000436014831412,0.00233918235317,0.00302267232659,-0.00149290896103,-0.00737173738078,-0.00415061372631,-0.00231481584845,0.0,0.0,0.0,0.000737735186539,-0.000601142188226,0.00319349959314,0.00308253011354,0.00081777297729,0.00218340698094,-0.000257234728107,-0.00494728258118,0.000523423199597,0.000241575070627,-0.00399202126954,-0.000236994905719,-0.000883392283597,,0.0,-0.00107162003468,0.00344234419097,0.000168591419096,-0.0028435245387,0.00516612888539,0.000899199772844
13:41:00,-0.00292611766939,-0.00344234419097,-0.00705470297989,0.0,0.0,-0.016487374109,,,,,0.0,0.000833680748578,0.0,0.000710984743779,0.0,-0.00344234419097,-0.0053191614776,-0.00387597384469,0.0,-0.00307456045425,0.00153727931889,,,-0.000897102419544,-0.0016680571007,-0.00212630316131,0.0,-0.00436110590901,-0.000464792013945,0.00231749814036,0.00134922440077,0.0,0.000859475772719,0.0,-0.00187090793581,0.00100553050202,0.0,-0.00227920326586,0.0,0.00577702357692,0.0,-0.000659848258847,0.0,0.00514896319619,-0.00150443837613,0.0,0.00111856834929,-0.00218221581416,0.00108991836403,-0.00231809504963,0.00754131775823,0.00287394058034,0.0,0.00473875434717,0.000710816283927,-0.00576115043507,0.0,,-0.000536240963784,0.0136520891683,0.00470905680157,-0.000670241311954,0.0,0.000539132010543
13:42:00,-0.00366972888896,-0.00518583703237,0.0,0.00108518730129,0.0,-0.00256082086167,,,,,0.0,0.00166527931906,0.0022874581076,0.000710479603598,0.00137080213378,0.0,0.0,0.00129366124122,-0.0006837607104,-0.00772801373141,0.00306748706786,0.0,,-0.000179517099486,-0.000417449390325,-0.000425803710926,-0.00227946303395,-0.0035026305512,-0.00186133138895,0.000925497520943,0.00179613878553,0.000899685170898,0.000429461033012,-0.00174596290534,0.0,0.0,-0.00199401860686,0.00170988927383,0.0,0.0,0.00114876520387,0.0,0.00292825977909,0.00439239359192,0.000902934598592,0.0,0.0,-0.00328227865792,0.000272294079286,-0.000257898131668,0.00413651055178,-0.000260926289804,0.0,0.00248509074215,0.000710311383008,-0.00512421751745,,0.0,0.00481584806615,0.0134682170509,-0.000335626786168,-0.000670690836677,0.0,0.00340776941747
13:43:00,-0.00147167061146,-0.00347222571075,-0.00354610300675,0.00108401094626,,0.0190481949707,,,,0.0,0.000886132091658,-0.00166527931906,0.00152207030907,0.0028368813352,0.0,-0.00345423486809,0.00066644454316,0.000646203576606,-0.00136892560734,-0.00622570104245,0.00229445607352,,0.0,0.0014352352661,0.00166875299468,0.00382572198814,-0.00045651678492,-0.000877577941359,-0.000931966516664,-0.000925497520943,0.000896861046664,-0.000899685170898,0.000429276675405,0.000436776595719,0.00140350900232,0.00200803280325,0.000997506317125,0.000569313992036,0.00355872261699,0.00517093941623,-0.00517986769684,0.0,0.00873367996875,0.00364564749385,-0.00150534425536,-0.00145032657765,-0.000838808940557,-0.00466841435534,-0.00136221244331,-0.00232408109774,0.0,-0.000260994390102,-0.000241575070627,0.00272648576385,0.00118273224905,0.00512421751745,,0.0,0.00620844566248,-0.00418936515528,-0.00302572091654,-0.000335514178621,0.000355302899457,0.00268216521994
13:44:00,-0.0283812925382,-0.00174064447778,-0.00266785396119,0.00216450300957,0.0,-0.0126583968719,0.0,,,0.0,0.000885347556725,-0.0016680571007,0.000760167273398,-0.00141743468097,0.00136892560734,-0.00277200454701,-0.00266844721383,0.0,-0.000685166179597,-0.0086241224441,0.0015267178538,0.0,0.0,-0.000358615747074,0.0,0.00550033119305,-0.00228571528086,-0.00131781262208,-0.000466309171425,-0.00185356864932,-0.000896861046664,-0.00135104726698,0.000429092476011,0.00130918630962,0.0,-0.00200803280325,0.000996512289739,0.0017059998451,0.00766739232552,0.0,-0.0011547345394,0.0,0.0108109161042,-0.00364564749385,-0.000301340969584,0.00145032657765,-0.00139958035442,-0.00662802757841,-0.000818219055604,0.000516929450642,0.00103145960666,-0.000261062525957,0.0,0.00493828164058,-0.00807030252414,0.00840898958138,0.0,0.0,0.0,-0.0177895415635,-0.00117914609805,0.0,-0.00248977542809,0.0035650661645
13:45:00,0.0157838677013,0.00174064447778,0.0123895390121,0.00108049713375,,0.0012730746468,0.0,,,,0.0,-0.000835073117421,0.0,-0.00141944665423,0.0,0.00484597694614,-0.00133689859484,-0.0012928250023,-0.000685635954182,-0.00631913635148,0.00304646084816,,0.0,0.0,0.00124973980023,-0.000422029970391,-0.00229095174656,-0.000439657074569,-0.000466526717116,0.000463714360269,-0.00449641045327,-0.00315956029037,-0.000858369151416,0.00435161696278,-0.00187178341968,0.0,-0.00349214622789,0.0028368813352,-0.00412128931877,0.00114547549753,-0.00115606949292,0.0,-0.00647251450562,-0.00512633857899,0.0015057976042,-0.000579878241822,0.000560067222705,-0.00249688019859,0.0,0.00051666237264,-0.00077349494639,0.00130463162666,-0.000725075560468,-0.000246335756881,0.00214260289086,-0.00774254503822,,0.0,0.00792606527242,0.0144253668179,0.00117914609805,0.0,0.000534045406551,-0.00535237673859
13:46:00,-0.00598356310297,0.00173761989854,-0.000879894469439,0.0,0.0,0.0113853222251,0.0,0.0,0.0,,0.000884564409734,-0.00167224119236,-0.000760167273398,-0.00213295495014,0.00204988114144,0.00069036937502,0.00333890126551,-0.000647039815521,-0.000686106373399,0.00474309189601,0.00530907579977,0.0,0.0,0.00358038334501,-0.00124973980023,-0.00380630613913,0.0,0.00263504763801,-0.00140088745768,0.0,0.000900900961834,0.00135531983701,0.000429276675405,0.00260190953381,-0.00187529356411,-0.00453287101999,0.0,0.000566411796508,0.00235710185738,0.0017157567835,-0.00289603445965,0.0,-0.00942377398188,-0.00220507255831,0.0,,-0.000279994401941,0.00554018037562,-0.00136518792534,0.00103252461419,0.0,0.00182362952715,-0.00193610902687,0.0,-0.00118976813559,0.000666000690618,0.0,-0.00164039041614,-0.00193168907199,-0.0067624940723,0.00168208618298,-0.000335626786168,-0.0037443210368,-0.00179051077379
13:47:00,0.0163694131351,0.0,-0.0017621149934,0.0,0.0,-0.00630916919326,,,,,-0.000884564409734,-0.0016750422677,0.000760167273398,-0.00285103543084,0.00204568772329,0.000689893093938,-0.000666888987704,0.0,0.00205690850718,0.0133178623321,-0.00151400483122,,0.0,-0.00125167651567,-0.00208637672178,0.000847098737652,-0.00137709454859,0.000876808473534,0.0,0.0,-0.000900900961834,-0.00135531983701,-0.000429276675405,0.000432994161344,-0.00140878163708,0.000504668191383,0.0,-0.00340329313171,0.000588408372376,-0.0017157567835,0.000579878241822,0.0,-0.00145772620566,0.000735564578954,0.00120300766388,-0.000290065266718,0.00111950753366,0.00248310239325,-0.00136705421153,0.00103145960666,0.000257898131668,0.00104058282022,-0.00242541957366,0.00442478598036,-0.0038167985267,0.00531209748489,,-0.00953086393475,-0.0152323171854,0.0059196790203,0.00167926151972,0.0,0.000357206647842,-0.00539084863488
13:48:00,-0.00369686188133,-0.0060949252675,-0.00707967558806,0.00431035150112,0.0,-0.00507615303186,0.0,,,,-0.00177147964838,-0.00167785274262,0.0,-0.000714030733657,0.000680966999416,-0.00483927664075,-0.00133511368297,-0.00129533696869,-0.00687287928776,0.0038835000264,-0.000757862863102,0.0,,0.000178906879446,-0.00292825977909,0.00338123737187,0.00137709454859,0.00131377290628,-0.00327638954455,0.000463499428923,0.000450551933731,0.00180668522495,0.000429276675405,0.0,0.000469814431944,0.00302267232659,-0.00100000008333,0.00566573753568,0.0,-0.00114547549753,0.00231615621783,0.0,0.000729128723516,0.00440206140064,0.0,0.0,0.00362976805058,0.000550964201266,0.000547045965503,-0.000515596814722,0.0,0.00129920766618,-0.00682263855089,0.000490436498305,-0.000956480225957,0.00242531262087,,-0.00369004108745,0.00142678818569,0.00672271439488,-0.000167799312417,0.00201207311342,-0.00250313021812,-0.00108166587074
13:49:00,-0.00445435034938,0.0,-0.0188261947478,0.0,0.0,-0.0051020518839,0.0,,,,0.0,-0.000839983249725,-0.000760167273398,-0.000714540937869,-0.000680966999416,-0.000693240928976,0.00200200267067,-0.00324570229757,0.00755757633608,0.00386847677792,0.0,,0.0,0.00125145274222,0.00251046156954,-0.00126662461519,0.00366300775874,0.0,-0.00517039929742,0.0,0.0,0.000902120043138,0.0,-0.00346921423401,-0.000469814431944,0.00351494210744,0.0,0.00394700258678,-0.000588408372376,0.0,0.00231080403232,0.0,-0.0043827681551,0.0,0.000901306956012,0.000580046419976,0.00278319133179,-0.00110223213143,0.0032760062059,0.000515596814722,0.000515596814722,0.00233432864397,-0.00171295771727,-0.00837030982497,-0.000478583402291,0.000880475513628,,0.00736651581676,0.0118701012819,0.00501254182354,-0.000167827473751,0.00234231326767,0.0,-0.00144404357223
13:50:00,-0.00148920355147,-0.00262352577238,-0.00544465954823,-0.00107584733346,,0.0,,,,0.0,0.000886132091658,-0.00843886864586,-0.00152207030907,-0.000715051871726,-0.00204568772329,-0.00138792527485,0.0,-0.00195249004429,0.00205128277056,-0.00386847677792,0.000757862863102,,0.0,0.000535857831881,-0.00125444298282,-0.000422564975652,-0.00320439734024,-0.00262927408262,-0.00567109270382,0.000463284696727,0.0,-0.00135348543108,0.0,-0.000434499246462,0.000939408241936,0.00250313021812,-0.00200300517644,-0.00394700258678,0.00293858571733,-0.00286944242795,0.00403110249297,0.0,-0.00146520172733,0.00729397836255,0.00090049533325,0.0,0.00554325144476,-0.00193183446309,-0.000272590978927,0.00128783018443,0.000772897114348,0.00207039411431,0.009021151024,-0.000741931529026,0.000478583402291,0.00153896919459,,0.0,-0.00653770329294,-0.0164681927073,-0.00235254687563,0.0,0.00035797387173,-0.0038005656099
13:51:00,-0.00747946643129,-0.00702990592826,-0.00822297918043,-0.00107700602764,,0.00127795544549,,,,0.0,0.0,-0.00339558900114,0.0,0.00142959280959,-0.00136612043104,-0.00696866931609,-0.00133422301314,0.00325203538638,0.00544960476756,-0.00232828975959,-0.00151630051796,,0.0,0.00374298627883,0.00417537141048,0.000422564975652,-0.000458610418494,-0.000877963181945,-0.00332305076741,0.0,0.000450349028102,0.0,-0.00171821348114,0.0,-0.000939408241936,0.00249688019859,-0.00150489117942,0.000564812214959,0.00292997572633,0.00229621226035,0.0,0.0,0.000732869215653,0.00290275965796,0.000599880041985,-0.00174114959832,0.00331126130366,0.0,0.000545107672261,-0.000772499072792,0.000514933070081,0.00283981086678,-0.00243013485329,-0.00049492700837,0.0,0.00153660440727,,-0.000367039827942,0.0,0.012962053378,0.0020168074063,-0.000835910773409,-0.0014326650015,0.000906207583538
13:52:00,0.00747946643129,-0.00264900817158,-0.00275608810198,0.00107700602764,,0.0152094186635,,,,0.0,0.0,-0.00511510066677,0.000761324741759,0.00285306898241,-0.0006837607104,0.00209570457422,0.0,0.00388853373969,0.0020359694851,0.000776699068172,0.0,,0.0,0.00620734457433,0.00208116620382,0.00211015060363,-0.000458820838515,0.00350723726457,-0.000475624265803,0.000463070163403,0.000900090069769,-0.000451569210654,0.000859475772719,0.00173686539538,0.0,0.00149514107095,0.00200601872687,-0.00226116546314,0.00233781520853,0.000573230167602,0.0,0.0,0.000732332511675,0.00217155351351,0.000299805128913,0.0,0.0136801039041,0.00165608649498,-0.00109051264897,-0.00206291976201,0.001029071354,-0.000515729769038,-0.00146092063967,-0.000495172082413,0.00143437748714,-0.00197606826845,0.0,0.000367039827942,0.00688987797522,-0.0119459652296,-0.000167912014499,0.0,-0.00143472047566,0.000905387114813
13:53:00,-0.00898209631583,-0.000884564409734,0.0118885716653,0.0,,-0.00630916919326,0.0,,0.0,,0.0,-0.00342466088136,0.000760745567309,0.00071199718209,0.0,0.00626089001672,-0.00133600554274,0.000646621425699,-0.000678196024638,0.00619197024792,-0.0030395160179,0.0,0.0,0.00211939323416,0.0,0.00126395635113,-0.000918273710072,0.000874890694476,0.00142619467959,-0.00138985428905,0.000449741406277,-0.000451773217532,0.000858737708417,0.000867302743004,0.0,0.00149290896103,0.00200200267067,-0.0011325029523,0.00349650705873,0.00171772157895,-0.00287769982761,0.0,0.000731796593214,0.010787591129,0.00239521072595,0.00145116844506,0.0159054438141,0.00357880629736,0.00109051264897,-0.00129148926643,0.000514138828806,-0.00439447521205,0.0019474202844,-0.00173503575562,0.00333890126551,-0.00197998084705,0.0,-0.000917852290229,0.00175901540518,-0.000169276344035,0.000503651483827,0.000167238063773,-0.00666248975696,0.000904568130426
13:54:00,0.00972697530744,0.00176834705674,0.00453515516539,-0.00107700602764,0.0,0.00126502230659,0.0,,,,0.00353669687834,0.0186921330122,0.000760167273398,0.00213295495014,0.0,0.00415225510077,-0.00200736099523,0.000646203576606,-0.00135777346046,0.00231213975838,0.0,,0.0,0.00387392630981,0.00497719816362,0.0042016868537,-0.000919117711763,0.00262008883512,0.00710062154958,0.0,0.0,0.000451773217532,0.0,-0.00216966889193,0.0,0.00198708460813,0.00399202126954,-0.00113378696953,0.00637868210898,0.0,0.0,0.0,0.00219218209822,0.00285714480078,0.00119545740477,-0.000870448335824,0.000267415431464,0.00411353932579,0.00272109011436,-0.00232889224164,0.0,-0.00259403517705,0.00315649163378,0.0,0.000476077133486,0.000440334661453,0.0,-0.00275862243908,0.0,-0.00118573741342,0.00234702538585,0.0,-0.0182320455874,0.0036101122241
13:55:00,-0.00522584242665,0.000883002264878,0.0,-0.00107816722035,,-0.00126502230659,,,,,0.00440335365827,0.00252206943271,0.00227704083205,-0.00213295495014,-0.000684228559025,0.00138026246896,-0.00134048277445,0.000645786267196,-0.00135961951604,-0.00231213975838,0.0,0.0,0.0,0.00140498793748,0.000413650471255,0.00293071174808,-0.00230149698828,0.00130747458155,0.000471586898624,0.0,0.000449539229868,-0.000903750626357,0.000429092476011,-0.000869187364587,0.0,-0.00248447332766,0.0,0.00113378696953,0.0,-0.000572246081424,0.00172761344438,0.0,0.0036429912785,0.0,0.000597193209746,0.000290233640116,-0.000267415431464,0.0021869882965,0.00460892777365,0.00103573287353,-0.000771307404224,0.00647251450562,0.0012113871863,0.00173503575562,-0.000476077133486,-0.00066057472401,0.0,0.0,0.00280800465307,-0.00492737382963,0.00184023473095,-0.000501798120424,0.0,0.00108049713375
13:56:00,0.0,0.00791212918795,-0.00909097170125,0.00107816722035,,0.0,0.0,,,0.0,0.00525855725347,0.0,0.000757862863102,0.0,0.000684228559025,-0.00138026246896,-0.000670915825234,-0.0012919898438,-0.00272479732619,-0.0085238795829,-0.000761324741759,0.0,0.0,-0.00140498793748,0.0,0.00292214776917,0.0,0.0,0.00423430413879,0.0,-0.00134922440077,0.000903750626357,0.000428908434626,-0.00130519922814,0.000469814431944,-0.00298953884837,-0.000498132015282,-0.00056673280066,0.00576370471675,-0.00229226461404,0.00115008638324,0.0,0.0,0.0,0.00387308692116,0.0,-0.00940487921104,0.00381575824112,0.00324061855296,-0.00129483379479,-0.000771902778582,0.0,-0.0048543784648,0.00123747076799,0.0,0.000220240062557,0.0,0.00367647472931,0.0,-0.000681547138326,0.00200367407158,0.00133756916782,0.0,0.00431035150112
13:57:00,-0.000748783262241,0.00698083114134,-0.00365965641753,0.0,0.0,0.00630916919326,,,,0.0,0.00349040493977,-0.00758537138926,0.00227014853454,-0.00142450166539,-0.000684228559025,0.00206967993853,0.00201139859969,-0.00323729644979,0.0,-0.0101682534293,-0.0022874581076,,0.0,0.0,0.0,-0.00250417493132,0.00459770924863,0.0,0.000469373395146,0.0,-0.000450146305148,0.000451569210654,0.00214178706847,-0.000871080194453,0.0,-0.00149812762102,0.0,0.00339558900114,0.00114876520387,-0.00402415029973,0.0,0.0,-0.0036429912785,0.00213751417331,-0.000297397771709,0.0026083191139,0.00431035150112,-0.00545555090154,-0.00242947885727,-0.000259168071944,-0.00386847677792,0.000258031223209,-0.000486736441832,0.0,-0.00286123228103,0.000440334661453,0.0,-0.00257211238626,-0.000876654741863,0.0,0.0089671806453,0.00266978299744,0.0118885716653,0.000716589066852
13:58:00,-0.00375234961855,-0.00435730536896,-0.00643680383348,-0.00107816722035,,-0.0152094186635,,,,0.0,-0.00349040493977,0.00590469872474,0.00151057430537,-0.00142653376545,0.000684228559025,-0.000689417469568,0.0013386882856,0.000648298239886,-0.00136518792534,-0.0031496089029,0.00760459938522,,0.0,0.0,-0.00165562951726,-0.00209161339588,-0.00229621226035,-0.00261666089117,0.00187529356411,0.0,-0.000450349028102,-0.000451569210654,0.0021372096188,0.0,-0.000469814431944,0.000999001082085,0.0,0.000564812214959,0.0,0.00057587102081,-0.00115008638324,0.0,0.0,-0.0035650661645,0.0,0.0,0.00295262595397,0.00436681916634,0.00539084863488,0.0,-0.00258732356495,-0.000516129043715,-0.000974184197843,0.00542675234114,0.00286123228103,-0.00729043326268,0.0,-0.000367985284741,-0.00175561842846,0.00221333196681,0.0079038778009,0.00282885620048,-0.0118885716653,-0.00520694236848
13:59:00,0.0,-0.00789131670724,-0.00184672259316,-0.00215982805343,,-0.00127795544549,0.0,,,0.0,-0.00525855725347,0.000840689414793,0.00150829591189,0.000713521257528,0.0,-0.000689893093938,0.00267201227781,0.00258899820991,-0.000683293501133,-0.00632913505165,0.00378072283991,,0.0,-0.000703234909431,-0.00165837517278,-0.00293562802563,0.00458716400691,0.0,-0.000468493801026,-0.000463714360269,0.000450349028102,-0.000451773217532,0.0046858445697,0.000435634944812,0.0,0.0,-0.000997009055669,0.004507049883,0.000573888107573,0.00459506839542,-0.00403575064913,0.0,0.0036429912785,-0.00501254182354,-0.00208426456278,0.00144613185,0.000267988746077,0.00271961005264,-0.00080677696994,0.000259168071944,-0.00181511783272,0.00154758865038,0.0,-0.00123076938613,-0.0038167985267,-0.00221975673831,0.0,-0.000368120747761,0.000702617278159,0.0015294420519,0.00832997875067,-0.00166306374602,0.0,-0.0027039223324
14:00:00,0.0,0.0,-0.00185013928816,-0.00216450300957,0.0,0.0152287207018,,,0.0,,0.0,0.000839983249725,0.0,0.000713012507926,0.0,0.000689893093938,-0.00200333956818,0.00193735934023,-0.0006837607104,-0.00397614837964,0.00376648279548,0.0,0.0,0.000703234909431,-0.00166112995008,-0.00420876042146,0.000914913147077,0.000872981286345,0.0,0.0,0.000450146305148,-0.000451977408825,0.00550965581097,0.00260983184237,-0.00329489589685,0.0034886653873,-0.000998004074851,0.000561955620296,0.000573558948904,-0.00459506839542,0.000577533946171,0.0,-0.0036429912785,-0.00359583271306,0.0,0.00547630710017,-0.00753096620116,-0.00271961005264,-0.00350357453118,0.000259100921258,-0.00364014962536,0.0102565001672,-0.000975134158206,0.000984736662539,0.000238977178817,0.00221975673831,,0.000552130316778,0.0,0.000169793701061,-0.00800200236203,-0.00216612598236,0.0,-0.00180668522495
14:01:00,0.0,-0.000880669365594,-0.000926354860131,0.0,,0.0012586534072,,0.0,,,-0.00617013857016,-0.00252206943271,-0.0007538635864,0.000712504483295,-0.000684228559025,0.00344234419097,0.00200333956818,0.00322061470004,0.0,0.0023875856945,0.00150262988453,0.0,0.0,0.000175731482748,-0.00792827019579,-0.00084388190662,-0.000457351940284,0.000872219854686,-0.000468713390348,0.0,-0.000450146305148,-0.00135715922211,0.00547946576463,0.000868432533954,-0.000943396296384,0.0,0.000499126538937,0.00112296474462,-0.00172166470074,,0.0,0.0,0.0101671173554,0.00431345025372,-0.00149142458667,0.0,-0.00108049713375,0.0,0.00242685841101,0.0,0.000781148327704,0.00508906950747,-0.00464491728659,-0.00345082915773,0.00262498659261,,0.0,0.00275608810198,0.0,-0.00033961623692,-0.00344912881972,0.000833680748577,0.0,-0.00180995524524
14:02:00,-0.00150489117942,0.000880669365594,0.00370028174286,-0.00108401094626,0.0,0.00501883111194,,,,,-0.00176991196646,0.0125472160521,-0.000754432325485,0.00213447252863,-0.00136986322791,0.00274536891719,-0.00133511368297,0.00321027563025,0.0,0.00949374219225,-0.00150262988453,,0.0,0.0,0.00501463650086,-0.00126715962045,0.000457351940284,0.0,0.000468713390348,-0.000463929491039,0.000450146305148,-0.00135900360667,0.00335711603587,-0.00391389932114,-0.00236239183812,0.00149142458667,0.0,-0.00168492036492,-0.00114942541391,0.00631278997438,-0.000577533946171,0.0,0.0086331471447,0.000717102934997,0.0,-0.000862688766659,-0.00542006746934,0.0,0.000269287735571,0.0,0.00208008395333,0.00708146611278,0.00048995591377,-0.00123533060799,0.000714711168005,0.00398318738629,,-0.000183503074191,0.000526639176571,-0.0111007885716,-0.00660286320995,0.000166652779321,0.0,-0.00727275932908
14:03:00,0.00150489117942,0.00175901540518,0.0155752117855,0.0,,0.00125078190165,,,,,0.0,0.0,0.0,0.00212992625782,-0.00205831976615,0.00410397292838,0.0,-0.00321027563025,0.0,0.0156253179031,-0.00376648279548,,0.0,-0.000175731482748,-0.000416927252235,0.000422564975652,-0.00688233962294,-0.00393099436101,0.00327485672798,-0.000928505173485,0.00134922440077,-0.00226911828699,0.00125601858673,0.0021762794226,-0.00142011858186,0.0,-0.000499126538937,-0.00281452479631,-0.00518882686246,0.0,-0.000577867684385,0.0,0.00571430126344,0.00214822853829,0.00208737216092,-0.00028772838639,0.00135777346046,0.000272294079286,-0.00215633506735,-0.000518268993202,0.000519345636186,-0.00708146611278,0.000244887964981,0.0014822137101,0.00237868808638,-0.00620294412461,,0.00201668415585,-0.000526639176571,-0.00395767530261,-0.000496976735152,0.00116579245446,0.0117067369525,-0.00916596701408
14:04:00,-0.00225818688359,0.0,0.00362976805058,-0.00217155351351,,-0.0214790316771,,,,0.0,0.00176991196646,-0.00416493729928,0.0,0.00212539931231,-0.00412939334201,0.00544589501146,-0.00133689859484,0.000642880125003,-0.000684228559025,0.0092593254128,0.0,0.0,,-0.000703234909431,-0.0033416906619,-0.00211461275668,0.00596742647586,-0.00219058137982,0.00326416703907,-0.000929368096633,-0.000899280636144,0.00226911828699,0.00167224119236,0.0,0.0,0.00347136475546,0.0,0.00112676068259,-0.0040544509639,0.000571918803121,-0.00463500250415,0.0,0.00213447252863,0.00142959280959,-0.000595947574253,-0.000287811197842,0.0,-0.000272294079286,-0.000269869115118,-0.000518537735238,0.00233372334622,-0.00457899553569,0.00146806975229,0.0,0.0,0.0,,-0.00128287381289,0.0,0.0,-0.00033145509087,0.00514652086393,-0.0117067369525,-0.00554018037562
14:05:00,-0.00453172980988,-0.00440335365827,-0.0109290705322,0.0,0.0,0.018975901459,,,,0.0,0.00792606527242,-0.00670019256982,0.000754432325485,0.00775470928739,-0.0062262394151,0.0,-0.000669120132024,-0.00257400399517,-0.00411523214511,0.00612559342668,0.0,,0.0,-0.00105578049575,-0.0046131346226,0.00211461275668,-0.00550712727326,-0.00439561147304,0.00603390087813,-0.00093023262522,0.000899280636144,0.00135900360667,-0.00376648279548,0.00130349790344,0.00331047831303,-0.000495172082413,-0.000999001082085,0.00337268447864,0.0040544509639,-0.000571918803121,0.00116076623596,,0.0,0.0035650661645,0.0,-0.00259403517705,-0.00108607124442,0.000272294079286,-0.00108020534403,-0.000778311104279,0.00619676653751,0.00280076567552,-0.00244798163864,-0.000246883102106,-0.00214056449911,0.000222197534522,0.0,0.000916506342222,0.0,0.0,0.00264856966615,0.00181983671699,0.0,-0.00222469502211
14:06:00,0.0,-0.00176678491189,-0.00458926918364,0.0,0.0,-0.018975901459,0.0,0.0,,,0.00262812240627,0.00836824967052,0.00225988796744,0.00350508595795,-0.00208405771853,-0.00135869586119,0.000669120132024,-0.0019348603263,-0.0103627870355,0.0181548102804,0.00226159161606,0.0,0.0,-0.00158576370117,-0.00294675018534,0.00126662461519,0.00504935660837,-0.00220507255831,0.00369515431999,-0.000931098763729,0.00134740644683,-0.000452796023132,-0.00504414688668,0.000868055610064,0.00141542840333,0.000495172082413,0.0,0.0033613477027,0.00461361833351,-0.00114481981593,-0.00116076623596,0.0,-0.00142247534654,-0.00071199718209,0.0,,-0.00435611905827,0.00163220928511,-0.00162249900385,-0.00155844187386,0.000257367135637,0.00380662812156,-0.00196270916785,0.00246609249519,0.0,0.00399113611835,,-0.000366501744986,-0.0079330517408,-0.00172562596747,0.00313609236151,0.0,0.0,0.00222469502211
14:07:00,-0.00227358945987,0.0,-0.00738692186307,0.00217155351351,,0.0025510217916,,,,0.0,0.0,0.00249688019859,0.000752162502554,-0.00350508595795,0.0027777795639,-0.000680040828656,0.000668672709636,0.000645369496424,0.0,-0.00150037537523,-0.00226159161606,0.0,0.0,-0.00176491397737,-0.00295545919158,0.0,0.00182982667708,0.00220507255831,-0.000461148267338,-0.0018648024052,0.00089726340699,0.00180995524524,-0.00295421189743,0.000867302743004,-0.000471586898624,-0.000495172082413,0.00149812762102,0.00223463780142,0.00115008638324,-0.00057290176302,0.00347826437633,0.0,0.0,0.0,0.000893788231704,0.0,-0.00163844930155,0.00108666134029,-0.00189624870582,-0.00130055942379,-0.00154519732007,0.000759589858018,0.00441069080649,0.00123076938613,0.00118976813559,0.00661669815872,,-0.000366636117764,0.00106138343592,0.0,0.00443970144695,0.00132144056229,0.0,0.00646056700294
14:08:00,-0.00380084075966,0.000883782647008,-0.0139992953565,0.00108401094626,0.0,0.0164248796674,,0.0,,,-0.00262812240627,0.00166112995008,0.0,-0.00281294137661,0.0,-0.00136147059832,-0.000668672709636,-0.000645369496424,-0.00208550649102,-0.0128449064885,0.0,0.0,,0.00158856268514,0.01469071541,-0.000422029970391,-0.000457142865104,0.00483411180894,-0.00277136436038,0.0,0.0,-0.000904568130427,0.00168918959085,-0.00173535835307,-0.000471809397759,-0.00198314393205,-0.000499126538937,-0.00111669470008,0.00172265331145,0.0,0.000578536319289,0.0,-0.00071199718209,0.00284495213223,0.000297751974807,0.0,-0.00109379283533,-0.0027188706254,0.0,0.000520426761681,-0.00335614101002,-0.00126630382883,0.000244468892551,0.000245972206381,0.0,-0.00971953752757,,-0.00422600537069,0.00070696362082,-0.0034602110649,0.0,0.000165057357806,0.0,0.00385639996799
14:09:00,-0.006111554546,-0.00176834705674,0.000939408241936,0.0,0.0,0.0,,0.0,,0.0,-0.00704228262541,0.0107306023451,0.0,-0.00564973254212,0.0,-0.00136332672786,-0.00200870506108,0.000645369496424,-0.00418410652257,-0.00304646084816,-0.00151057430537,0.0,0.0,-0.000882223259691,-0.00417537141048,0.00252951230996,0.0018273189187,0.0030641302153,-0.000462641692268,0.00139892771707,0.0,-0.000452591091681,0.00210748233956,-0.000434310538858,0.0,0.0,0.0,0.00111669470008,-0.00114810575183,-0.00114678911651,0.0,,-0.000712504483295,0.0028368813352,0.000297663344957,-0.000577367221582,0.0068166589791,-0.000272294079286,0.00270782727059,0.00259807888413,0.0,0.00101317131261,0.0,0.000737553813398,0.000950796363522,-0.000888296749506,,-0.000184145106864,0.0,-0.000693481303798,-0.00246406695516,-0.00314075801613,0.0,0.00109910251035
14:10:00,-0.00306984124429,0.00176834705674,0.000938526582264,-0.00108401094626,0.0,0.00125234831647,,,,0.0,0.000883002264878,0.00246002584086,0.00150262988453,0.00424028903889,0.000693240928976,0.0,0.00334560365592,-0.00258398076592,0.00348797005172,0.0113766869821,0.00151057430537,0.0,0.0,0.0,-0.00335289501031,0.00126236078199,0.00409929975094,-0.00131204917138,0.0,0.0,-0.000448531068296,-0.000452796023132,0.00210305019678,0.0,0.0,-0.00248447332766,0.0,-0.00279407837545,-0.00114942541391,0.000573558948904,-0.00173661403992,0.0,0.00355745661553,0.0105671994236,0.000892458783019,0.00201932853848,0.0081191244385,-0.0046403795565,0.000540686685246,0.00155561348456,0.0028405441953,0.0047985948879,-0.000244468892551,0.00245459131587,0.000237557905856,0.00620157026328,,-0.00147438286937,0.00352734051797,-0.000346921078934,0.00262812240627,0.0,0.0,0.000549098576989
14:11:00,-0.00153846184191,-0.000883782647008,-0.00281822638384,-0.00217155351351,0.0,-0.0113280003052,,0.0,,0.0,0.0017636688875,-0.00904983551992,0.000750469078374,0.00211342100503,-0.00138696277435,0.00340483815484,-0.000668225885206,-0.00323939382725,0.00763097702331,-0.00302115033418,0.00226159161606,0.0,0.0,0.000176506928355,0.0012586534072,0.00210039984802,0.0018165309264,-0.00131377290628,-0.000462855828675,0.00139697345187,0.000448531068296,-0.000453001140249,-0.00252419149591,0.00216966889193,-0.000472032106947,-0.000497636238187,-0.000999001082085,0.0,-0.000575208528946,-0.000573558948904,-0.0023201866557,0.0,-0.00427046912345,0.0187440406166,0.00148566362195,0.0,0.0,-0.00136892560734,-0.000540686685246,0.0,-0.00129015628784,0.00151057430537,0.000244468892551,0.00391485696961,0.0,0.000220774920866,,-0.00221565821808,0.0,0.0,-0.00016405545111,0.00215000496283,0.0,-0.0053206253396
14:12:00,-0.000770119406564,-0.00176991196646,0.0,0.00325556445977,0.0,0.00882173332915,,,,0.0,-0.00264667115237,-0.00165426009603,0.00224803391788,0.00140646999275,-0.00208405771853,0.00609964615672,0.000668225885206,-0.00194868525453,0.000690846314178,0.00678479798348,0.00225648835873,,0.0,-0.000706214718616,0.00543593226502,-0.00547024296957,0.00452694299578,0.0,-0.000463070163403,0.00093023262522,-0.00089726340699,0.000453001140249,-0.00337553063128,0.000866551180742,-0.000944733183162,0.00347826437632,-0.00100000008333,-0.000559753722984,-0.00345821670296,0.00171969087953,0.000580551540254,0.0,-0.00285714480078,0.000687521512128,0.00326071135207,-0.00230813720475,-0.00269905696917,-0.00027401014009,0.000540686685246,0.0,0.00103225815618,0.00601958175839,0.002197534763,0.0,0.000474946577439,0.0033057881345,,-0.00537486235111,0.00351494210744,-0.00243182332802,-0.00246406695516,0.00609406481226,0.0,-0.0046095776283
14:13:00,-0.000770712947591,0.0,0.0102948967269,0.00216450300957,0.0,0.0137073797309,,,0.0,0.0,0.000883002264878,0.00577797727989,0.000748223005352,-0.000702987726666,-0.00278551712143,0.00539084863488,0.00200200267067,-0.00521513567911,-0.000690846314178,-0.000751597179312,0.00300075243924,0.0,0.0,-0.000529988529322,-0.00125182574244,0.00630916919326,0.00720075118558,-0.00131550117634,-0.00371230124708,0.00185787327012,0.0,0.000905387114813,-0.00806284868731,0.00173085287694,-0.00189214815204,0.00247708821236,-0.00200300517644,-0.00224215340569,-0.000577533946171,0.000572573734509,0.00116009293753,0.0,-0.00862074304391,-0.0138410514119,0.00177409863209,-0.00115606949292,-0.00542006746934,0.00027401014009,0.000540394501127,0.0,-0.000515995883482,0.00149925065564,0.00316571553802,0.000488281259701,0.00142348778485,-0.0095059851449,0.0,0.0,-0.00122882487156,-0.00873367996875,-0.00214044701791,0.00246002584086,0.0,-0.00277598031509
14:14:00,-0.000771307404224,0.0,0.00464469018932,-0.00324851395583,0.0,-0.00496278934213,,,0.0,0.0,0.0,0.0,-0.000748223005352,0.000702987726666,-0.00279329790561,0.00469327043175,0.0,-0.00524247596485,-0.00138312608495,-0.00603320080417,0.00448431244733,0.0,,-0.00159165300204,0.00208550649102,0.0,0.00714927084422,0.000877193038704,0.00417537141048,0.00139114328023,0.00089726340699,0.0,-0.0081283869997,0.00215936166826,-0.00094741835604,0.00247096740501,-0.00301205046999,-0.00112296474462,0.00403575064913,-0.000572573734509,0.0,0.0,-0.00072176112841,-0.00980400009662,0.00118098626068,-0.00231615621783,-0.00490330592852,0.0,0.0,-0.000518268993202,-0.00154958708693,-0.00224971973402,0.00630152351831,-0.00171002851002,0.00165817875255,0.0095059851449,0.0,0.00315428408853,0.00122882487156,-0.00562985301207,0.00197595980642,0.00718135940866,0.0,-0.00296956417182
14:15:00,-0.00541587397303,0.0,0.000926354860131,0.00108401094626,0.0,0.00248447332766,,,,0.0,-0.000883002264878,0.0,-0.00299850299626,0.000702493882069,-0.0035026305512,0.00133689859484,0.00066644454316,-0.00263158046606,-0.00346620797649,-0.00530907579977,0.0,0.0,0.0,0.0,0.00208116620382,-0.00209863665692,0.00621395696794,0.0,0.0,-0.00231964845372,-0.00449438958784,0.000904568130427,0.00300236125167,-0.00345722038386,-0.00237248035363,0.000493461643371,-0.00554576667131,-0.000561955620296,-0.000575539584232,0.00114481981593,0.00115874868122,,0.00072176112841,-0.00706217624429,0.000295028767444,-0.00232153325392,-0.000546298839044,0.00136892560734,-0.000540394501127,0.000518268993202,-0.00103439367899,0.00224971973402,-0.00217680579365,-0.00073376547257,0.0,0.000219997800909,,0.00940359100515,0.0010520779508,0.00387392630981,0.00180787295522,0.00632246573949,0.0,0.00740744127786
14:16:00,-0.016425867942,0.0,0.0,-0.00108401094626,,0.029341958284,,,,0.0,-0.00176834705674,-0.00329761222156,-0.000751032705223,0.0,-0.00281096460565,-0.0127732829115,0.0,-0.00528402814661,-0.00138985428905,0.00455235991046,0.0,0.0,0.0,-0.000177006815225,0.0,-0.00210305019678,0.0,0.000438308137633,0.0,-0.00139437624265,0.000450349028102,0.00135531983701,0.00640343703521,0.0,-0.00142619467959,0.000493218259074,-0.00914175995809,-0.00676821534614,0.0,0.00114351070208,0.0,,0.0014419613169,-0.0035498794822,0.00206276778609,0.0,-0.00218818468055,0.000273560390162,0.0,0.0,-0.00129449856265,-0.00224971973402,-0.00242424361151,0.0,0.00118273224905,0.000879507532507,,0.000183503074191,0.00419727793534,0.013268351078,-0.00164338574373,0.00193735934023,0.0,0.0040508249095
14:17:00,-0.0103052834313,0.0,0.0110498361866,0.0,0.0,-0.0121213605323,0.0,,,0.0,0.0,-0.0016528929383,-0.000751597179312,0.0,-0.00140845093706,-0.00815221906155,0.0,0.00791560861266,-0.00278551712143,0.0,-0.00298730617974,0.0,0.0,0.00106157122496,-0.000415886884763,-0.00210748233956,-0.0039902513596,-0.000876808473534,0.000462855828675,0.0,0.00359550949144,0.00135348543108,0.00339847395911,-0.000866175887849,0.0,0.000985707324759,0.0,-0.00340136382349,-0.0023054765255,0.00456101132756,0.0,0.0,0.0086083745366,0.00142146434738,0.00264589306205,0.00232153325392,-0.000547795138322,0.00436681916634,0.0,0.0,-0.0051948168771,-0.00703167136368,-0.000485554755838,0.0,0.00165347858624,-0.000659558119986,,-0.000550610273615,0.0164434687251,0.000693481303798,0.000164460159897,-0.00193735934023,0.0,-0.00202336130835
14:18:00,0.000796495462259,0.0,0.00638979809877,-0.00108518730129,0.0,0.0121213605323,,,,0.0,0.000884564409734,-0.00248447332766,0.000751597179312,0.0,-0.00141043746936,0.00272479732619,-0.00066644454316,0.00980720511696,-0.000697593331394,0.00678991669347,0.0,0.0,0.0,0.0021197676194,-0.00124869943384,0.0,-0.000888888947417,0.00131492458131,0.000925069446173,0.00232288141614,0.0,0.0,0.00296421982872,0.000433181726505,-0.000951927725382,0.00491401480243,0.0146875266294,0.0,-0.000577200593225,0.00397389112227,-0.00173862692304,0.0,0.00214056449911,0.00566573753568,0.00410196883402,-0.00232153325392,-0.00687287928776,0.0,0.00135043909787,-0.00103680672844,-0.000520969014127,-0.000504159325022,-0.00438063489534,-0.00024470818671,0.000235988201685,0.0,0.0,-0.00128593753369,0.00803629186045,0.00518583703237,0.000164433117201,-0.00372379609451,0.0,-0.00368936039211
14:19:00,0.00159109023224,0.000885347556725,-0.0146657074026,0.0,0.0,-0.00604231445596,,,0.0,0.0,0.0,-0.0125158079318,0.000751032705223,-0.000702493882069,0.00633136128356,0.00542742173536,0.0,-0.000650829830978,-0.00559833512542,0.00150262988453,0.00819371437031,0.0,0.0,0.0,-0.00166736178687,0.000421851936228,-0.00178015178296,-0.000438116107775,0.0,0.000463929491039,0.0,-0.000902120043138,-0.00126930416873,0.000432994161344,0.00142755199119,0.00440206140064,0.00551518068811,0.0,0.0,0.00282885620048,0.0,0.0,-0.00142653376545,0.00422833610952,0.00379396340104,0.00203163616536,-0.00193290133353,0.00136072956089,0.00296456220354,0.000259302477791,-0.00234772509035,-0.000252175010793,-0.00342047731483,-0.00220507255831,0.0,-0.00154066278962,,-0.00331430979138,-0.00392458485133,-0.00345423486809,0.0,0.000162192847651,0.0,-0.00333210230551
14:20:00,0.0173369196533,-0.000885347556725,-0.00462749553205,0.0,0.0,-0.0208213278136,0.0,,,0.0,-0.000884564409734,0.0,0.000750469078374,-0.00140646999275,0.00419874654635,0.000676361202653,-0.000666888987704,0.0,-0.00987314084994,-0.00300752106396,0.00591717702809,0.0,-0.00775428878001,0.00141068617998,0.00083402840531,0.00168563040334,0.000445335122034,0.0,0.00138600160788,-0.000463929491039,0.00224064624328,0.0,-0.00127091734963,-0.000432994161344,0.000475398154901,0.0024372422496,-0.00551518068811,0.00170212807053,-0.000577533946171,-0.00282885620048,-0.00116076623596,,-0.0100431260222,0.0,-0.00291715492751,-0.000289981153257,-0.00609927036373,-0.000271997825694,0.00376041270413,0.00233070156005,-0.00026119890445,0.00377596420953,0.0,-0.00171842438261,-0.000235988201685,-0.000881445627806,0.0,-0.00221565821808,-0.00841278890852,0.00345423486809,-0.000328893277097,0.00145855305008,0.0,0.00129713721514
14:21:00,0.00778214044206,0.0,-0.00744882401299,-0.00108636621222,0.0,0.00370599559432,,,,,0.000884564409734,0.00752826642079,0.0,0.0,-0.00139762426664,0.0,0.0,-0.00391389932114,-0.00782643624946,0.0,0.00734757163039,,0.00119688823385,0.0,0.00871555631104,0.000841750891452,-0.000890868655801,0.0,0.00184501897357,0.0,0.00268216521994,0.000902120043138,0.000423818611981,-0.000433181726505,0.000475172258881,0.0,0.0,0.0,-0.00637498536871,-0.00340522462984,0.000580551540254,0.0,-0.0123324014927,-0.0098940736452,-0.00204708362172,-0.000580214695709,0.00111172885269,-0.0010887317352,0.00267737777072,0.00129249080937,0.00104438651791,-0.00251572459725,0.00097847365928,-0.000245730434951,-0.00165347858624,0.000881445627806,0.0,0.00221565821808,0.0089255656055,0.0,0.0,0.00274925377339,0.0,-0.00185356864932
14:22:00,-0.00077549441653,0.0,0.000934142991797,-0.0010875476874,0.0,0.0159024757941,,,,0.0,-0.00265604405812,0.00332779009267,0.00224803391788,0.000703482266085,-0.00983844900029,0.0,0.000666888987704,-0.00458566149132,-0.0180185055027,-0.00528502551405,0.00947183766257,0.0,-0.0041953912301,0.000880669365594,0.00206398422085,0.00126129930533,-0.00446628701344,-0.00131550117634,0.00230149698828,-0.000928505173485,0.00400980711023,0.0,-0.00084781692234,-0.00130067219724,0.000949667687707,-0.00048697346957,0.00200904135882,0.00113314459717,-0.00232828975959,0.00566894942223,0.00116009293753,,-0.00365631120311,-0.00142146434738,0.000292697206831,0.00029014942899,0.00277392688273,0.0,0.00213675294974,0.00695072948986,0.00208550649102,-0.00505051578607,0.00244200365555,0.000245730434951,-0.000472925050195,-0.00220507255831,0.0,0.0,0.00341180815434,0.0,-0.000329001483474,-0.000646203576606,0.0,0.0
14:23:00,-0.00233009814162,0.0,0.00279720462106,0.0010875476874,0.0,-0.0122101639069,,,,,0.0,0.00165975141836,0.000748223005352,0.00140548160874,-0.00424629088145,-0.00270819393688,0.00066644454316,-0.000656814473531,-0.00510391191818,-0.00379219263706,0.00722546496104,0.0,0.00239952124729,0.000879894469439,0.0045258254582,-0.00168208618298,-0.0153363402827,0.0,-0.00276243269591,0.0,0.00133303730027,-0.000450958294001,-0.00339847395911,-0.00217155351351,0.000948766674586,-0.00146234488648,-0.0010040161486,-0.000566411796508,-0.0035026305512,-0.00510060612759,-0.00174064447778,0.0,0.000732332511675,-0.0035625260336,0.00175438641489,0.0,0.0,-0.000544810691765,0.000533475606144,0.0,0.00286048823314,-0.0124826483885,0.00121876919413,0.00171842438261,-0.00355408501111,0.00550359121698,0.0,0.0,-0.0121649748283,0.00687287928776,-0.00131708942319,-0.00129366124122,0.0,0.000370988689101
14:24:00,-0.00545810321872,0.00176991196646,0.0064965425704,-0.0021762794226,0.0,0.0134230203321,0.0,,,0.0,0.0,-0.00332226219198,0.0,0.00070200073083,0.0,-0.00339558900114,0.000666000690618,0.00524247596485,-0.00292825977909,-0.000760167273398,-0.0028839241329,0.0,-0.00360144446891,0.000527565298441,0.00205044156317,-0.00337268447864,0.00317676691033,0.0,-0.00184587039028,0.00278293315044,0.00531445006349,-0.000451161749137,-0.00127741128718,-0.0021762794226,0.0,-0.00244200365555,-0.00301811094291,0.000566411796508,-0.00410196883402,0.0,-0.00933495693605,0.0,-0.000732332511675,-0.0057265725572,0.0,-0.00174216071939,0.00276625349289,0.0,-0.00267022855588,0.0,0.00155682439332,-0.0025667365221,-0.00121876919413,0.0017154764653,0.00284427781226,0.0,,-0.00129187062352,0.010119287105,0.00665588257998,-0.000824062675393,-0.00486618965117,0.0,-0.00222799943631
14:25:00,0.00156250031789,0.0157898017326,-0.00742807500851,0.0,0.0,0.0108500160241,,,,0.0,0.000886132091658,0.0,0.000747663586231,0.00280308522712,0.00706716722309,0.00407332538764,0.0019953448589,0.00326264563482,0.00657656736456,0.00303720810545,0.0,0.0,-0.00120336957963,0.00175654357478,0.00122824989853,-0.00296045891838,0.00947019479044,0.0,-0.00602271915492,-0.00185442797696,-0.000883782647008,0.0,-0.000852514970644,-0.00218102594636,-0.00142348778485,-0.00097847365928,-0.000503905276473,-0.00113314459717,-0.00176315061838,0.000568020464008,-0.00293513565576,0.0,0.000732332511675,-0.000718132885441,-0.000876808473534,-0.000872219854685,-0.000829072867719,-0.000272516693334,-0.00187341149399,-0.00154043676161,0.000259235257447,0.0010274853203,-0.000243932188062,0.000244828009547,0.000236658384728,-0.00153795482363,,-0.000923787594564,0.00663324143202,0.00237852643566,0.00214115209859,-0.00652530863492,0.0,-0.00186046565292
14:26:00,0.00544960476756,0.00173913087313,-0.00842307272911,0.0,0.0,0.00954661188358,0.0,,0.0,0.0,-0.000886132091658,-0.00166527931906,-0.000747663586231,0.000699545324085,0.00281294137661,0.00135409634773,0.0,-0.00195630972076,0.0187595688975,0.00680017731906,-0.00216841429382,0.0,-0.0133335308695,0.0,-0.0032786914617,-0.00169563414938,-0.00675526099612,0.0,0.0,0.0,-0.00265604405812,0.0,-0.00170721338947,-0.00174825219353,-0.000474946577439,0.00097847365928,-0.00708146611278,-0.00170212807053,-0.00235571369246,0.0,-0.000588062351554,0.0,-0.00146520172733,-0.00287769982762,-0.000877577941359,-0.00232964578281,0.0035876953068,-0.000272590978927,-0.000803966276723,0.000513742626249,0.0,0.0109793008942,-0.000976324217168,0.0,0.0,,,0.0,0.00692628835362,0.00457124304014,-0.00164663300832,0.0,0.0,-0.00279720462106
14:27:00,0.00927363678533,-0.0139984788064,-0.00188146809971,0.0,0.0,-0.00237812240497,,,,0.0,0.000886132091658,0.00249688019859,0.0,-0.000699545324085,0.00140350900232,0.00270270434789,0.0,-0.00130633591406,0.000714540937869,0.0,0.00577202179712,0.0,-0.0122776250662,0.00367872885746,0.000410424795419,-0.000424358164654,0.000451773217532,0.000877193038704,0.00139308125617,-0.000928505173485,0.000443164199586,0.000902120043138,0.00128068320599,-0.000437541026451,0.000949667687707,0.00244200365555,0.00657730678776,-0.000568020464008,0.00294377604401,-0.00284333430114,0.0,,0.000732869215653,0.00646321819021,-0.00146434350372,-0.00350467648445,0.00275103337189,-0.00027266530503,0.00160728671087,0.000256772372704,-0.000259235257447,0.000507743092908,0.000732332511675,-0.0012247398959,-0.00379327149957,0.00131839175326,0.0,0.00754998522375,0.00168208618298,-0.00508045123242,0.0,0.00620005249285,0.0,0.00781253973679
14:28:00,0.0114724011622,0.0,0.00188146809971,0.0,0.0,0.011834457647,,0.0,,,-0.000886132091658,0.00331950512285,-0.000748223005352,0.000699545324085,0.00698814863393,0.00538359308347,-0.000664672673191,-0.00327332534497,0.00924286708118,-0.00226159161606,0.0142859572475,0.0,-0.00806205917093,0.0106097177511,0.000820344590714,0.00254345198583,-0.00407332538764,0.00175208104392,0.00231749814036,0.0,0.0013283154488,0.0,0.00127904515412,0.000437541026451,0.000474495857064,0.0029225544426,0.00100806460149,-0.00113700978708,0.00527705710084,-0.00285144190921,-0.00117716317301,,-0.000732869215653,0.000715563536794,0.000293040295138,-0.00439818917463,-0.00247558921645,-0.00382514127604,-0.00160728671087,-0.000770514998953,0.0,0.00708146611278,0.0,0.000735023921368,0.000474946577439,0.000439077943388,,0.00731131021459,0.00385809419263,-0.0153980801111,0.00164663300832,0.00324781058468,0.0,-0.00818609222526
14:29:00,-0.00304646084816,0.0,0.00562325755436,0.0,,0.0151783415991,,,0.0,,0.000886132091658,0.0,0.000748223005352,0.00349040493977,-0.00418702635422,-0.0026881736618,-0.00066511475681,0.00327332534497,0.00070746377199,-0.000755001923369,0.00917761471764,0.0,0.00867953371972,0.00861331767811,-0.000820344590714,0.000846381768681,-0.00227014853454,-0.000437732552404,0.00323550085815,-0.000464576082688,0.0,0.000901306956013,0.00127741128718,0.000874508144933,0.0,0.00581960905326,0.00201308573268,0.00113700978708,0.0035026305512,-0.00114285726725,0.0,0.0,0.0,-0.00573889666902,-0.0032281759509,-0.000881963896653,-0.00413964990227,-0.000547645139646,0.00133958492906,-0.00154281336851,-0.000518672210798,-0.0045466105096,-0.000244051251974,-0.00196126564461,0.0,0.00219250252267,,-0.00731131021459,0.00267513953216,0.0,0.00115103194489,0.00113424625301,0.0,-0.000560590503329
14:30:00,-0.00382117392732,0.0,0.0,0.0,0.0,0.00347021747901,,,0.0,,-0.000886132091658,0.0,0.000747663586231,0.0,-0.00420463128203,0.0,0.00066511475681,-0.00261780254208,-0.0120954871996,-0.00226843197463,0.00700282973832,0.0,0.0249936813869,0.00989938106417,-0.00411184789861,0.000422922400044,0.00453515516539,0.000875273578855,0.0,0.0,-0.000442575798329,0.00449438958784,0.00382247226947,0.00174672533494,0.0,0.00386100865746,0.000502638864566,0.0,0.00696866931609,0.00285469791353,0.00704228262541,0.0,0.0,-0.00143988505799,0.0020554991821,-0.00353565483231,-0.0105644574434,0.0,0.0,-0.000772300205718,0.000259369733007,0.00252844635336,0.0055981647967,0.00611622701744,0.00189753377619,0.00741875538745,0.0,0.000183435752143,-0.00267513953216,0.0,0.00197012048619,0.00194143403481,0.0,-0.00374532273016
14:31:00,-0.00614441257234,0.000880669365594,-0.00562325755436,0.0,,-0.0162983817331,,,,0.0,0.0,0.00330852245556,0.0,-0.00139470036555,-0.00210896387482,-0.00269541942167,-0.00066511475681,-0.00262467342277,-0.00574301650262,-0.000757288941909,0.0,0.0,0.00120336957963,0.000509381112975,-0.00288838657587,0.000422743612299,0.00451468035453,0.000437349668025,-0.000923361099769,-0.000464792013945,0.000442575798329,0.00358102441771,0.000423818611981,-0.000436395381135,-0.000474495857064,0.00576370471675,-0.000502638864566,0.0,0.00577035646134,0.00227790531299,0.00175284882741,0.0,0.0,0.00143988505799,0.000293298139659,0.00441761872896,-0.00363993122027,-0.000547945219189,-0.000535618652334,-0.000772897114348,0.00103680672844,-0.00252844635336,-0.00486618965117,0.0,0.00236686501027,0.00650056460309,0.0,0.00694574168715,-0.00419428515226,0.00858374369139,0.00507158551261,-0.00113204507925,0.0,-0.0018779348242
14:32:00,-0.00618239990832,-0.00618103513143,0.0,0.0,0.0,-0.00235017734495,,0.0,0.0,,0.0,0.00658438592818,0.0,-0.00209570457422,-0.000703977501794,-0.00135043909787,0.0,-0.00197303582586,-0.00650056460309,-0.00455581653586,0.0,0.0,0.00360144446891,-0.000169764876055,-0.000413308540705,0.000844951465564,0.0125337361473,0.0,-0.000462000470218,0.0,-0.000442575798329,0.00223164564834,0.0,0.0,-0.00285171295919,0.0038240964384,-0.00959845712194,-0.00113700978708,-0.00461361833351,0.00454030291878,-0.00526779093486,0.0,0.0,0.0,0.0,0.000293815192359,0.0,0.0013693005015,0.00133850910092,-0.00258064659349,0.000518000529583,0.0,0.0,0.00243605479788,0.00894334038132,0.0,,-0.00182315456151,0.0036918988066,0.00630486880236,0.00828801364055,-0.0016194335523,0.0,0.000375869201945
14:33:00,-0.00700119545898,0.0,0.0018779348242,0.0,,0.0,,,,0.0,0.00353982670512,-0.00328677370662,0.0,0.00139762426664,-0.00140944350323,0.0,0.0,-0.00461894585629,-0.00362976805058,-0.00917437627604,0.0,0.0,-0.00420294824644,-0.00254993763327,0.00412541839215,0.000844238125281,0.0,0.000437158476907,0.00184672259316,0.000929368096633,-0.00221582186828,0.00178173766512,0.000423639065857,0.0,-0.00142891188876,0.0,0.000507485420686,-0.000568990058025,-0.00115673812782,-0.000566411796508,-0.000587026726572,0.0,0.0,0.0085960414698,0.000586338334007,-0.00117577908901,0.00419874654635,0.00246002584086,0.00187090793581,0.00129115576362,0.00206932303537,0.00379027617378,0.0,0.00194458009745,0.00793469740603,-0.0021621630045,0.0,0.00164098860783,0.00167364055803,-0.00630486880236,0.00194017845825,-0.00162206037187,0.0,-0.00451978170562
14:34:00,0.0,0.00265369461347,-0.0132202114281,0.0010887317352,0.0,0.0093677500036,,,0.0,,0.00352734051797,0.0,0.0,0.00139567363897,-0.00141143283841,0.00202497537977,0.00066511475681,-0.00397614837964,-0.00510391191818,-0.00307692550448,0.0,0.0,-0.00845926494598,-0.000851426190217,0.00369838103904,-0.00168918959085,-0.00267260738148,0.00174672533494,0.00322358096325,-0.000464576082688,-0.00177619940126,0.000444938828252,0.000423459671795,-0.00174748843071,-0.00765553978133,-0.00286670048208,-0.000507485420686,-0.00113895228713,-0.000578871217323,0.0,-0.00176315061838,0.0,0.0,-0.00142755199119,0.000293040295138,0.00293685967331,0.00501533511573,0.0,0.00106752078459,0.00180482194151,0.00129115576362,0.0015120970623,-0.00244200365555,-0.000485790633794,0.0110958142551,-0.0043384015986,0.0,0.0,0.00500418058458,-0.00858374369139,-0.00258774202305,-0.00032472804312,0.0,-0.00340329313171
14:35:00,-0.00469484430421,-0.00265369461347,-0.00667622889874,0.0,,0.00232828975959,,0.0,,,0.00175901540518,-0.00247218914539,0.0,-0.000697593331394,-0.000706464176327,0.00134770909887,0.0,-0.00265957603576,-0.00219539056344,-0.00154202035182,0.0,0.0,-0.00669713309828,-0.00119321585793,0.004093333591,-0.000422743612299,0.0,0.00174367960483,0.0,0.00232072510748,-0.00400802139754,-0.00445832214171,-0.00127091734963,-0.00306547207429,-0.0057803629155,-0.00239521072595,0.000507485420686,-0.00228180361411,0.00115740753661,-0.00625179643527,-0.000588408372376,0.0,0.0,0.0127751914887,0.00117130320858,-0.000880152616596,0.00885451274842,-0.000273037544359,0.0,-0.000257632360049,0.00103172565252,-0.000251857450015,-0.00244798163864,0.00291121020746,-0.00184077364449,0.0,0.0,0.000364298728983,0.00299053221713,0.0,-0.00162074589773,-0.00439418072176,0.0,-0.0102799306197
14:36:00,-0.0102484144914,0.0,-0.0144580831752,0.0010875476874,0.0,-0.00583092031079,,,,,-0.00440335365827,0.0,0.0,0.0041782790592,-0.00070696362082,0.0,0.000664672673191,0.00265957603576,-0.00735297430526,0.010744539283,0.0,0.0,0.00669713309828,0.00153387333014,0.000816659906556,0.000422743612299,0.0,0.00130576732372,-0.00184077364449,0.000463499428923,-0.00492060934676,-0.0013413818242,-0.0012725346362,-0.00131665588475,-0.000483208513872,-0.00143988505799,-0.00152322954052,-0.0051531748734,0.000578201808534,0.00341491510007,-0.00176730532008,0.0,0.0,0.0,0.000877577941359,0.00585310421364,0.00275103337189,0.0,0.0,-0.000257698751587,0.000257765177352,0.00627748451914,-0.00738010729762,-0.000969462024548,-0.0071651756911,0.0,0.0,0.0,0.00016587874302,-0.00310827395822,-0.0127327871045,0.000326157863296,0.0,-0.00345026219215
14:37:00,0.0,0.0,-0.000971345389632,-0.0010875476874,,0.0116280379951,,0.0,,,-0.00176678491189,-0.0033057881345,0.0,0.00208261095753,0.00423430413879,0.0,0.0,0.00397614837964,-0.00592155690344,0.00380952841667,0.0,0.0,0.00604962522582,0.000510768718008,0.00040807998934,0.000422564975652,-0.00133898703335,0.00260643066757,-0.000460723343787,0.000463284696727,0.0022396425935,0.0013413818242,0.0,-0.000439270817518,-0.00290416467429,0.000480192086058,0.0,-0.00287439117134,0.00403807874928,0.000568020464008,0.000589448882378,0.0,0.0,-0.00141143283841,0.00146092063967,-0.000583771178283,0.0,-0.0021869882965,0.00159914746232,0.0,0.000257698751587,0.00374766210024,0.000987166911361,0.000969462024548,0.0,0.000217367678282,0.0,-0.000182132775296,0.00149167177738,0.00310827395822,0.00850651293357,0.0,0.0,-0.00732321638593
14:38:00,0.00789270079891,0.0,-0.000972289818939,0.0010875476874,0.0,0.00230946984866,,,,,-0.00176991196646,0.00248036505833,0.0,0.00415225510077,0.00561799230422,0.0,0.000664231176863,0.00527705710084,-0.00148588437442,0.00303720810545,0.0,0.0,0.00301114349769,0.000850701880313,0.000407913527989,0.000422386489912,-0.000893655108625,0.00173385392375,0.0,0.0,0.0013413818242,0.000893255977215,0.0,0.0,-0.00876344459435,-0.00192215340296,-0.00152555330884,0.0,0.00172562596747,0.00113507390166,-0.00413345731711,0.0,0.0,-0.00282885620048,0.00116720176659,0.000291928187739,-0.00275103337189,0.0,0.00398671624382,-0.000515596814722,-0.000515463928939,-0.00249688019859,0.00270969496997,-0.000969462024548,-0.00116049682283,-0.000217367678282,0.0,0.000182132775296,-0.00132582054555,0.0,0.0,0.0,0.0,0.00578593706704
14:39:00,0.00548805767878,0.0,0.0116055461203,0.00217155351351,0.0,0.00918490957707,,0.0,,,-0.000886132091658,0.000825423076167,0.0,0.0,0.00697839538146,0.000673174040905,0.00265252144913,0.0,0.000743218168734,-0.00227704083205,0.0,0.0,0.00120192322162,-0.00034019391381,0.000815328214755,0.000844238125281,0.00134018335896,-0.00173385392375,0.0,0.0,0.000893255977215,-0.000893255977215,0.000424358164654,0.0,-0.0039196522501,-0.00048111619884,-0.00203769810702,0.0,-0.00115008638324,-0.00113507390166,-0.00593473551981,,0.0,0.00070796463134,-0.00029167274525,0.00116686127592,0.0,-0.00301493992939,0.0021197676194,-0.000257898131668,-0.00077369442931,0.0121755759301,0.0036832454163,-0.00121315070077,0.000464360351971,0.0,0.0,-0.000182132775296,0.0,0.000172398931554,-0.000651784282484,-0.000489276695727,0.0,0.0148886124938
14:40:00,0.00623540601728,0.0,0.00096107647955,0.00216684808509,0.0,0.00228310601457,0.0,,,,0.0,0.0,0.0,-0.00138217022695,-0.00278551712143,0.00067272118245,-0.000662471041121,-0.00461590005197,-0.000743218168734,-0.00304414238123,0.0,0.0,0.00120048033625,-0.000850991456343,-0.00203956831869,0.0,0.00222965532727,-0.00347675274165,0.0,0.0,0.00222965532727,-0.000446927381741,0.000424178161185,0.00219442703817,-0.00196560259846,0.00144265473446,0.00101936808011,0.0,0.00115008638324,0.0,0.0,,,0.0,0.000583260442315,0.00465387692789,0.000275444155439,-0.000823836377777,0.00132257657157,0.000257898131668,0.000257964660273,0.00517306240448,-0.00171715974979,0.000242747907492,0.000928074312554,0.00217155351351,0.0,0.000182132775296,-0.00199203253124,-0.000172398931554,0.0,0.0,0.0,0.00980400009662
14:41:00,0.00851068966791,0.0,-0.00192307751574,0.0,0.0,0.00227790531299,0.0,,,0.0,0.0,0.0,0.0,-0.00415801014866,-0.000697593331394,0.000672268932882,0.000662471041121,-0.000661157048877,0.00222799943631,-0.00228920359413,0.0,0.0,-0.0030039073354,-0.000681314964186,-0.00286240228152,-0.000422029970391,0.00222469502211,-0.000871080194453,-0.000460935707631,0.000463070163403,0.0,-0.00044712721514,-0.000424178161185,0.00175208104392,0.0,0.0033581226089,0.0,0.0,0.00114876520387,-0.00284333430114,-0.00238379135528,,0.0,-0.00070796463134,-0.000291587697065,0.000580214695709,0.00192598766373,-0.000824515643798,-0.00583246616269,-0.00077389401515,0.000257898131668,0.00294406493315,0.000981595170841,-0.00267347346016,0.0,-0.000216943270186,-0.000400721303699,0.0,0.00182618129941,-0.00103501820522,-0.00359242711629,0.000163118832431,0.0,-0.00564441761968
14:42:00,-0.0178784396715,0.0,-0.00482393603085,0.00647251450562,,0.0135595297856,0.0,,,,0.0,0.000824742314791,0.0,-0.00487296474187,-0.00139664827172,0.0020140993717,0.0,0.0,0.00296296513066,-0.00229445607352,0.0,0.0,-0.00724640852077,-0.000170401295462,-0.00163934462943,0.0,0.00177619940126,-0.00218102594636,-0.00138408326594,0.00323550085815,0.000445335122034,-0.000447327227321,0.00254237425078,-0.00131377290628,-0.00196947380253,0.0,0.00050929463795,0.0,0.000573888107573,0.00227531383714,0.0,0.0,0.0,0.00282885620048,0.0,-0.00261362135132,0.000549601552719,-0.00192651772809,0.00106298176366,-0.000258097820506,0.000515596814722,0.00317965291738,-0.000245308476638,-0.008799861235,-0.00278681090718,0.0,-0.0200391282062,0.0,0.000165851231825,-0.000690607762254,0.00294021773396,-0.000815860369968,0.0,0.0
14:43:00,-0.00392927813989,0.0,-0.000967585948736,0.0106952891167,0.0,0.00224215340569,,0.0,,,0.0,-0.00165016539096,0.0,0.000697593331394,-0.000699056302498,-0.00134228208073,0.0,0.00198216120399,0.00221647671089,-0.000765990079583,0.0,0.0,-0.00607904607638,0.00034077355927,0.000820008246031,-0.000422208154889,0.00177305010989,0.000872981286345,-0.000461787124346,0.000461361023178,-0.00178253166628,-0.00134318354647,0.0,-0.000438308137633,0.000492732210018,0.00191387618228,0.00203458869779,0.0,0.00114678911651,-0.0017059998451,0.00713439411387,0.0,0.0,0.0,0.00116584099477,0.0,-0.00247558921645,-0.00275862243908,0.00212257973032,-0.000258164452189,0.0,-0.00366972888896,0.000245308476638,-0.00122835047996,-0.00186219793106,-0.00173724256504,0.00387716024921,0.0,0.00149142458667,0.0,-0.000326264276956,-0.00408931624087,0.0,0.0
14:44:00,-0.00711184348772,0.0,-0.00290838789596,0.00741921792203,0.0,0.0044692811823,,,0.0,,0.0,-0.00248036505833,0.0,0.0034806857278,-0.00420463128203,0.00402145314078,-0.00132538124107,-0.0033057881345,0.00221157480484,0.00534964974724,0.0,0.0,-0.0036652453983,0.000851426190217,0.000819336383402,0.0,0.00132772756836,0.0,-0.000924214483531,0.000922083974968,-0.00089245878302,-0.00224265624383,0.000423101339081,-0.000438500335902,0.00589392668878,0.0,0.0,0.0,0.0,0.0017059998451,-0.00653791333269,0.0,0.0,-0.00212089156914,0.00116448339214,0.0,-0.00303406659452,0.0,0.0,-0.00129182294157,0.0,-0.00787405643091,0.000490436498305,-0.00073773518654,-0.00279981517475,-0.000217367678282,0.00811363477417,,0.0,-0.00172860890062,-0.000163172065305,-0.00674289208849,0.0,0.00583201728255
14:45:00,-0.00158730192057,0.0,-0.00291687129512,0.00526594160529,0.0,-0.0044692811823,,0.0,,0.0,0.0,-0.00414766252008,0.0,0.00416089365916,0.00280505092761,0.0,-0.00132714020806,-0.00132538124107,-0.00221157480484,0.0,0.0,0.0,-0.00367872885746,0.00492402726795,0.000818665620836,-0.000422386489912,0.00749067172916,0.0,-0.00138792527485,0.00276116144133,0.0,-0.000898472657027,0.00169061747791,0.0,0.0136188875348,-0.00191387618228,-0.00203458869779,0.0,0.0,0.00113571846393,0.0,0.0,0.0,-0.00141643083171,0.000290909092961,0.00174317301549,-0.00138217022695,-0.000552638864577,-0.00212257973032,-0.00181136030895,-0.00361477284904,0.0,-0.000490436498305,-0.00320315661334,-0.00304200538784,0.0,0.0056406273648,0.0,-0.000165604041118,-0.00207828270164,0.00032631750983,-0.000165030118372,0.0,0.0195046584483
14:46:00,0.000793965901176,0.00176991196646,-0.00292540432911,0.00523835666159,,0.0,0.0,0.0,0.0,0.0,0.0,0.00166112995008,0.0,0.000691802172178,-0.00210305019678,0.000668672709636,0.0,-0.00398671624382,0.0036832454163,0.00304414238123,0.0,0.0,-0.00246002584086,0.00439412571146,0.000817995955632,-0.000845308587951,0.00525395254116,-0.000436395381135,-0.000926354860131,0.000918695517072,-0.000893255977215,0.00224466985382,0.0,-0.000438692702802,0.00289435802636,-0.000479041925329,-0.00203873668985,0.0,-0.00114678911651,0.0,-0.0101888804726,0.0,0.0,0.00424328783787,0.00145327739573,-0.000871206676274,-0.00360260885696,-0.000276434003142,0.00106185303314,0.00181136030895,-0.000517464435868,-0.0039604012161,0.000735564578954,0.000246761259735,0.00304200538784,-0.00239416808235,0.0022072849335,0.0,-0.000331290379044,-0.00190889428898,-0.00326797676462,-0.000660392957796,0.0,0.0
14:47:00,-0.00397614837964,-0.00176991196646,0.00292540432911,0.00312989300893,,0.0100279391861,,,0.0,0.0,0.0,0.0,0.0,-0.000691802172178,-0.00070200073083,-0.000668672709636,-0.00199401860686,-0.00133244523378,-0.00147167061146,-0.00456969569007,0.0,0.0,-0.00741659765505,0.00168492036492,0.00122574070505,-0.00126930416873,0.00435730536896,-0.000873362500929,-0.00231964845372,0.00549451931764,0.0,0.0,0.000844238125281,-0.000438885238557,0.00192492840958,-0.000958772844299,-0.00511510066677,0.0,0.000573558948904,-0.000567697999919,-0.00604231445596,0.0,0.0,-0.000705965437016,0.000580720109236,-0.00641214671483,-0.00194525558075,0.0,-0.000796284050038,-0.00155239358473,-0.00103573287353,-0.000496154810476,-0.00442152525788,-0.000493583425618,0.00256679641568,-0.000872029704269,0.000601142188226,,-0.00298656269775,-0.00104275296206,0.00163532334073,0.00576370471675,0.0,-0.00627424091847
14:48:00,-0.00239329990584,0.000885347556725,-0.00390244397693,0.0082988028147,0.0,0.00110803335436,0.0,,,,0.0,0.00331400469004,0.0,-0.00416089365916,-0.00210896387482,-0.000669120132024,-0.00133155811951,-0.00200200267067,-0.00368867994785,-0.00152788417805,0.0,0.0,0.0202647401329,0.0,0.000408246586605,-0.000847098737652,0.00217155351351,0.000436776595719,-0.000464576082688,0.00273597981887,0.000446727726884,0.0,0.000843525988439,-0.00307760190157,-0.000962001036191,-0.00143988505799,-0.00256739550525,0.0,-0.00172166470074,0.00226886087119,-0.00121285642521,0.0,0.0,0.00141143283841,0.00145032657765,0.00524935588614,-0.00362268753449,-0.000553097359233,0.00132678804126,0.000517732343949,-0.000518268993202,-0.00547401217603,0.00319528353463,-0.0101725229021,-0.001165908958,0.000654093558696,0.0,0.0,-0.00499751165047,0.0,-0.00147167061146,0.00736199644107,0.0,-0.000740740774611
14:49:00,0.000798403236025,0.00265134932162,-0.00293685967331,-0.00934101239314,0.0,-0.00889883514213,,,,,0.0,0.00247831601447,0.0,-0.00627398363341,0.0,0.0,0.0,-0.00535835173562,-0.00593033613485,0.000764233892756,0.0,0.0,0.0132852195513,0.0,0.0,-0.00084781692234,-0.00130236614892,0.0,-0.000929800159966,0.00181983671699,-0.000446727726884,0.00134438738599,0.00168492036492,-0.00176289159803,-0.00240905922339,-0.00192307751574,-0.00257400399517,0.0,0.00172166470074,0.000566411796508,0.00181873345071,0.0,0.0,0.00070497006797,0.00115874868122,-0.00320466406819,0.00889388853152,0.0,0.000265146494991,-0.000258832666127,-0.000518537735238,-0.00099850232959,-0.00147347767327,-0.00424841323739,0.0,-0.00174520114103,0.0,0.0,-0.00502261226629,0.000173867687129,0.00032722513381,-0.000163012470815,0.0,0.00683100597736
14:50:00,0.000797766296798,-0.00353669687834,-0.00392927813989,0.00623702645555,,-0.0134985176709,,,0.0,0.0,0.0,0.0,0.0,-0.00139958035442,0.000703482266085,0.0,0.0,-0.00538721841621,0.0,-0.00306044615311,0.0,0.0,0.00598087907241,0.0,0.0,-0.0012730746468,-0.00173913087313,0.00043658590521,0.000465008146022,-0.00638397060992,-0.00223663703171,0.000895255207511,0.00210216600433,0.000881834272313,-0.00969469541685,0.0,-0.00258064659349,0.0,-0.00229621226035,0.00113186203368,0.0120410846753,0.0,0.0,0.0,-0.00086893560862,0.00262276122954,-0.00110741982525,-0.00360260885696,0.000795017929777,-0.000776900207405,0.0,0.00398804117796,-0.00393992137338,-0.000751597179312,-0.00140088745768,-0.0109770586312,0.0,0.0,-0.00134363473355,-0.000347765609487,0.00114444547765,-0.00424767833567,0.0,-0.00646056700294
14:51:00,0.000797130373019,0.0,0.0,-0.0051948168771,0.0,0.00113186203368,,0.0,,0.0,0.0,0.00247218914539,0.0,0.00139958035442,-0.00140745976788,0.00133779284166,0.00199667287632,0.000674991588234,0.0,0.0,0.0,0.0,0.00119189525433,0.0,-0.000408246586605,-0.00297682550253,-0.00479826438592,0.00174444004115,-0.000465008146022,-0.00320733379186,-0.000447928338956,0.000447327227321,-0.00420876042146,-0.00353201250187,0.000973709911401,0.00048111619884,-0.00206932303537,0.0,0.0,0.000565450962197,0.00537154380191,0.0,,-0.00070497006797,-0.00232085975948,-0.00437509812654,0.00552487593197,-0.00111111122542,0.00185258753528,-0.000518268993202,-0.000259369733007,0.000248725284207,0.000493339921205,0.0,0.00163417802213,0.00988475923254,-0.000601142188226,0.0,-0.00286123228103,-0.00330981923966,0.000163385344698,-0.00131061617712,0.0,-0.000370438974416
14:52:00,0.00397614837964,0.0,0.000983767910133,-0.00731838080768,0.0,0.00900906994237,,0.0,,0.0,0.0,0.000822706751463,0.0,0.00488316282507,0.000703977501794,-0.000668672709636,0.00132890385005,0.0,0.0,0.0,0.0,-0.0031776321622,0.00237953711327,0.0,-0.000816993509496,-0.000425985096963,-0.0123186775548,0.00174140226854,0.000929800159966,0.000917431257009,-0.000896459047037,-0.000447327227321,0.000843170370358,-0.000884955809967,-0.00292397869144,0.000961538535622,0.0,0.0,0.00114876520387,-0.00169731299588,0.0047506027586,0.0,0.0,-0.00141143283841,0.0,0.00116856571872,0.00549451931764,-0.0019474202844,0.000792916653146,0.000259168071944,0.000777907468245,-0.00423676646216,-0.000740101180939,0.000751597179312,0.000699545324085,-0.00240726672766,-0.00020046106111,0.0,-0.000505774266872,-0.00577479949388,0.0,-0.00493016610786,0.0,0.0
14:53:00,-0.00158856268514,0.0,0.0,-0.00104986886284,0.0,-0.00787848757208,0.0,0.0,,0.0,0.0,0.000822030461415,0.0,0.00485943337375,0.0,0.0,-0.00199401860686,0.0,0.0,-0.00306984124429,0.0,-0.0270984323266,0.0,0.0,0.0,-0.000426166637603,0.00485759400745,0.0,-0.000464792013945,0.00457457339384,0.000896459047037,-0.000447527418523,0.000842460032978,-0.00310352720842,-0.00097656257761,0.000960614867338,0.00206932303537,0.0,0.0,0.00169731299588,0.00118413276122,0.0,,-0.00424629088145,-0.000290486567039,0.000291928187739,0.0,0.00721423772602,0.00132013220492,-0.000518403329391,0.000518268993202,0.000499375790652,0.0,0.00374953570148,-0.00163303430669,-0.000876808473534,-0.00220772794137,-0.000182132775296,-0.0135825517659,-0.00316400334266,-0.000163385344698,-0.00164880499018,0.0,-0.000370576250303
14:54:00,-0.00159109023224,0.0,0.000982801061908,-0.00738010729762,0.0,-0.00680274732275,,0.0,,0.0,0.0,0.0,0.0,-0.00138600160788,-0.00140845093706,0.0,0.0,0.0006745362819,0.0,0.000768344256009,0.0,-0.0191488188388,0.0,0.0,-0.000408747195554,-0.000426348333041,0.0022002209096,-0.000435066354481,0.000464792013945,0.0,0.0,0.000894854645844,0.000841750891452,-0.000888494061115,-0.00342549882303,0.0,-0.00103412625555,0.0,0.00172067722408,0.0,0.00413345731711,0.0,0.0,-0.00426439878646,0.00203163616536,-0.00175284882741,0.00791380852824,0.00193343521077,0.00131839175326,-0.000259302477791,-0.000518268993202,-0.000249656723304,-0.00148184764088,0.0059701669865,0.000233453952269,-0.00593865156758,-0.00543972329582,0.000182132775296,0.0,0.00193474688793,0.000326743998986,-0.00165152803847,0.0,-0.00204062773716
14:55:00,-0.00159362583528,0.0,0.00196270916785,-0.0106383982051,0.0,-0.0102916860365,0.0,,0.0,0.0,0.0,0.0,0.0,-0.00138792527485,0.0,-0.00267917106005,-0.000665557428895,0.00336587325511,0.0,0.00076775435633,,0.00664454271867,0.0,-0.000168364340831,0.000817327385099,0.0,0.00131781262208,-0.000870700969244,0.00139308125617,0.0,0.000895656127944,0.00134078232376,0.0,0.0,-0.000980873055592,0.00095969297193,0.0,0.0,0.00057290176302,0.000565131408089,-0.00413345731711,,0.0,-0.00786561080595,-0.000289981153257,-0.00117027514819,0.00244332957171,-0.00138064359913,0.000263469900088,0.000518537735238,0.000259168071944,-0.00124921940043,-0.00148404677249,-0.00497266066938,0.0,0.00484155875321,-0.010152371464,0.0,0.0,-0.001406717306,0.00212123763965,-0.00165426009603,0.0,0.0
14:56:00,0.000797130373019,0.0,0.0,-0.00214132844134,0.0,-0.0173917427119,,0.0,,,0.0,-0.000822030461415,0.0,0.000694203429476,0.000704473435264,-0.000670915825234,0.0,0.00469327043175,0.0,0.000767165361753,0.0,0.0131580845775,0.0,-0.000336813745185,0.0,0.000852514970644,0.000877577941359,0.000870700969244,0.0,0.000912408822422,0.0,0.00133898703335,-0.000841750891452,0.000888494061115,0.0,0.000479501327816,-0.000517464435867,0.0,0.00114481981593,-0.000565131408089,-0.00177672537115,,,-0.00143678185636,0.0,-0.00029278290357,0.00189624870582,-0.000552791611645,0.000789993457807,0.0,0.000259100921258,-0.00175153303881,-0.00272648576385,-0.000498628781211,0.0,-0.00109829774906,-0.0065520299913,0.0,0.00851068966791,0.00421422923959,0.00048887803467,0.00016554920988,0.0,0.00241120398746
14:57:00,-0.000797130373019,,-0.000980873055592,0.00427808139108,,0.0,,,,,0.0,0.0,0.0,0.0,0.0,0.0,-0.000666000690618,-0.000669120132024,0.0,0.0,,0.00130633591406,0.0,0.00016842105303,0.0,0.000425985096963,0.000438500335902,0.000435066354481,0.0,-0.000456100349982,,0.0,-0.000421141299129,0.0,0.0,0.0,0.0,,-0.000572246081424,0.000565131408089,-0.00118623975951,,0.0,-0.00215905085669,0.000289981153257,,-0.00135409634773,,-0.000263261815395,0.0,0.0,,0.000248169749381,0.0,0.0,0.0,0.0,,,0.0,0.0,0.000661922910153,,-0.000370576250303
15:00:00,0.0,0.0,0.000980873055592,0.0,0.0,0.0,0.0,0.0,0.0,0.0,0.0,0.0,0.0,0.000693721845372,-0.000704473435264,0.0,0.0,0.0,0.0,-0.000767165361753,0.0,-0.00130633591406,0.0,0.0,0.0,0.0,-0.000438500335902,0.0,-0.00185787327012,0.000911992767269,0.0,0.0,0.0,0.0,0.000490556791785,0.0,-0.00103573287353,0.0,0.000572246081424,0.0,-0.00118764859566,0.0,0.0,0.00215905085669,-0.000580046419976,-0.00440206140064,0.0,0.0,-0.00633916544374,0.0,0.0,0.0,-0.000993048740992,-0.00349738053217,-0.00163532334073,-0.00264084660521,0.0251534559418,0.0,-0.0020359694851,0.0054172260046,-0.00048887803467,-0.000993048740992,0.0,0.000741015224719
